# Excitation spectrum ; written at 2023-10-18 19:48:22
#     Exc.     energy (Eh)   energy (eV)   energy (cm-1)   energy (nm)     Osc.(vel)      Osc.(len) 
       1 a'       0.124107       3.37713       27238.371       367.129     0.01792452     0.23541232
       2 a'       0.152743       4.15635       33523.252       298.300     0.00988214     0.13708110
       3 a'       0.156721       4.26459       34396.243       290.729     0.00596804     0.01992682
       4 a'       0.189563       5.15826       41604.185       240.360     0.00979802     0.09241573
       5 a'       0.194022       5.27962       42582.982       234.836     0.01638393     0.19921572
       6 a'       0.195644       5.32375       42938.953       232.889     0.06639917     0.61346236
       7 a'       0.222497       6.05444       48832.384       204.782     0.00517064     0.02336938
       8 a'       0.234429       6.37914       51451.268       194.359     0.18745027     1.05505904
       9 a'       0.235714       6.41410       51733.219       193.299     0.00025734     0.03284544
      10 a'       0.244648       6.65721       53693.984       186.241     0.00050897     0.00173556
       1 a"       0.119093       3.24068       26137.833       382.587     0.00769641     0.00083629
       2 a"       0.125801       3.42321       27610.069       362.187     0.00094451     0.00041848
       3 a"       0.150537       4.09631       33038.944       302.673     0.00004072     0.00004349
       4 a"       0.176264       4.79638       38685.419       258.495     0.00198943     0.00009286
       5 a"       0.192996       5.25168       42357.668       236.085     0.00000428     0.00001420
       6 a"       0.194696       5.29796       42730.907       234.023     0.00039040     0.00042842
       7 a"       0.218438       5.94401       47941.640       208.587     0.00104433     0.00063581
       8 a"       0.221171       6.01838       48541.494       206.009     0.00298546     0.00013441
       9 a"       0.226861       6.17319       49790.169       200.843     0.00014585     0.00015020
      10 a"       0.235518       6.40877       51690.210       193.460     0.00020049     0.00001093
