# Electronic transition moments of , IRREP a'  electric dipole (length) / electric dipole (velocity) / magnetic dipole
 -.97623430557718E-01   -.45509493131711E+00   0.00000000000000E+00   0.16282404041777E+01   0.44057267597160E+00   0.00000000000000E+00   0.00000000000000E+00   0.00000000000000E+00   -.22489639267417E-02
 0.27839365271218E+01   0.95276423077375E+00   -.67788867040625E-01   -.14426360438001E+01   0.00000000000000E+00   0.00000000000000E+00
 -.75622862195995E-01   -.30220496721759E+00   0.00000000000000E+00   -.11424400001816E+01   0.20254109011769E+00   0.00000000000000E+00   0.00000000000000E+00   0.00000000000000E+00   0.35019729437784E-02
 -.11566195253062E+01   0.41135844492922E+00   0.46298679491055E-01   0.13179094390037E+00   0.00000000000000E+00   0.00000000000000E+00
 0.23877936433076E+00   -.10271134784443E-01   0.00000000000000E+00   0.27514983255996E+00   0.33913912359447E+00   0.00000000000000E+00   0.00000000000000E+00   0.00000000000000E+00   0.12021113904966E-03
 -.41596841888726E+01   0.21056404634112E+01   0.30575633652463E-01   0.35065219022534E+01   0.00000000000000E+00   0.00000000000000E+00
 0.26648388127056E+00   0.80731846001981E-01   0.00000000000000E+00   0.84816363430217E+00   -.10908593604356E+00   0.00000000000000E+00   0.00000000000000E+00   0.00000000000000E+00   0.11006424844853E-02
 -.26389664025666E+01   0.28623094702377E+00   -.80593050676017E-01   -.39861378535921E+00   0.00000000000000E+00   0.00000000000000E+00
 0.35082329558410E+00   0.59902676315084E-01   0.00000000000000E+00   0.12272882302696E+01   -.18415737085285E+00   0.00000000000000E+00   0.00000000000000E+00   0.00000000000000E+00   0.23716303996353E-02
 0.24531502719573E+01   0.36276261812460E+00   -.13953792978582E-01   -.31786040155923E+00   0.00000000000000E+00   0.00000000000000E+00
 0.62785146554658E+00   0.33894461839262E+00   0.00000000000000E+00   0.20291424133196E+01   -.76549499781300E+00   0.00000000000000E+00   0.00000000000000E+00   0.00000000000000E+00   0.46556460827151E-02
 0.46473516184764E+01   -.15594092171875E+00   -.20687909949869E+00   -.21910270965205E+01   0.00000000000000E+00   0.00000000000000E+00
 -.18645258476503E+00   0.97070722973249E-02   0.00000000000000E+00   -.38767533814636E+00   0.85185203347969E-01   0.00000000000000E+00   0.00000000000000E+00   0.00000000000000E+00   0.40900083786335E-03
 -.81877597333254E+00   -.77637612120731E+00   0.75111220415526E-01   0.14240627392783E+01   0.00000000000000E+00   0.00000000000000E+00
 -.10950628209243E+01   -.15544818714139E-01   0.00000000000000E+00   -.25722535394699E+01   -.36650734653969E+00   0.00000000000000E+00   0.00000000000000E+00   0.00000000000000E+00   0.74105840548020E-03
 0.61666164456051E+01   -.59547814155301E+00   0.21464041634326E+00   -.90787076103390E-01   0.00000000000000E+00   0.00000000000000E+00
 -.40443991385335E-01   0.13870937339809E-02   0.00000000000000E+00   0.57785110489856E-01   -.45351700397507E+00   0.00000000000000E+00   0.00000000000000E+00   0.00000000000000E+00   0.29376861541480E-02
 0.23628604022311E+01   -.33483157633055E+00   0.75553422331321E-01   -.99680148602544E+00   0.00000000000000E+00   0.00000000000000E+00
 -.49509409206225E-01   -.25873393617452E-01   0.00000000000000E+00   -.40440812206732E-01   -.94898514629181E-01   0.00000000000000E+00   0.00000000000000E+00   0.00000000000000E+00   -.10783880322858E-02
 0.12344919320756E+01   -.60935829667709E+00   -.11038652893549E-01   -.16429028170612E+01   0.00000000000000E+00   0.00000000000000E+00
# Electronic transition moments of , IRREP a"  electric dipole (length) / electric dipole (velocity) / magnetic dipole
 0.00000000000000E+00   0.00000000000000E+00   -.31134869650510E+00   0.00000000000000E+00   0.00000000000000E+00   0.10263155857970E+00   0.27436801891552E-03   0.13196403259341E-02   0.00000000000000E+00
 0.00000000000000E+00   0.00000000000000E+00   0.00000000000000E+00   0.00000000000000E+00   0.79871364285547E-01   0.22817612797047E+00
 0.00000000000000E+00   0.00000000000000E+00   0.10612257342242E+00   0.00000000000000E+00   0.00000000000000E+00   -.70638745109843E-01   -.90160325910214E-03   0.73335026204083E-03   0.00000000000000E+00
 0.00000000000000E+00   0.00000000000000E+00   0.00000000000000E+00   0.00000000000000E+00   -.14768867392709E+00   -.20181754721312E+00
 0.00000000000000E+00   0.00000000000000E+00   0.20143620931008E-01   0.00000000000000E+00   0.00000000000000E+00   -.20816499123669E-01   0.57206380195449E-03   0.57137036002386E-03   0.00000000000000E+00
 0.00000000000000E+00   0.00000000000000E+00   0.00000000000000E+00   0.00000000000000E+00   -.45308566441758E-02   0.14531034497634E-01
 0.00000000000000E+00   0.00000000000000E+00   0.13011542242208E+00   0.00000000000000E+00   0.00000000000000E+00   -.28111237304611E-01   -.20094547328498E-02   0.23935075860750E-03   0.00000000000000E+00
 0.00000000000000E+00   0.00000000000000E+00   0.00000000000000E+00   0.00000000000000E+00   0.13826207150821E+00   -.70981641915799E+00
 0.00000000000000E+00   0.00000000000000E+00   0.57687191714889E-02   0.00000000000000E+00   0.00000000000000E+00   -.10506260283445E-01   0.10562373513472E-02   0.27975813627252E-03   0.00000000000000E+00
 0.00000000000000E+00   0.00000000000000E+00   0.00000000000000E+00   0.00000000000000E+00   -.15813714265749E-01   0.30506954294355E-01
 0.00000000000000E+00   0.00000000000000E+00   -.54843164544736E-01   0.00000000000000E+00   0.00000000000000E+00   0.57451645831606E-01   0.37482368095856E-03   -.58442104073559E-03   0.00000000000000E+00
 0.00000000000000E+00   0.00000000000000E+00   0.00000000000000E+00   0.00000000000000E+00   0.20784846048937E+00   0.45299916436490E-01
 0.00000000000000E+00   0.00000000000000E+00   0.84683612134701E-01   0.00000000000000E+00   0.00000000000000E+00   -.66076259996911E-01   0.52842181980566E-03   -.19704976195733E-02   0.00000000000000E+00
 0.00000000000000E+00   0.00000000000000E+00   0.00000000000000E+00   0.00000000000000E+00   0.67758957379525E-01   -.51093450104987E-01
 0.00000000000000E+00   0.00000000000000E+00   0.14229407757710E+00   0.00000000000000E+00   0.00000000000000E+00   0.30192066237118E-01   0.10082678184581E-02   -.86478467065247E-03   0.00000000000000E+00
 0.00000000000000E+00   0.00000000000000E+00   0.00000000000000E+00   0.00000000000000E+00   -.71286392705881E-01   0.27092266239678E+00
 0.00000000000000E+00   0.00000000000000E+00   -.31054258562804E-01   0.00000000000000E+00   0.00000000000000E+00   0.31513477424850E-01   0.88026221237525E-04   0.42756794683083E-03   0.00000000000000E+00
 0.00000000000000E+00   0.00000000000000E+00   0.00000000000000E+00   0.00000000000000E+00   -.18451622959872E-01   0.39237545698554E-01
 0.00000000000000E+00   0.00000000000000E+00   -.35733968651235E-01   0.00000000000000E+00   0.00000000000000E+00   0.83434920753224E-02   -.31528836587118E-03   -.20923682800743E-02   0.00000000000000E+00
 0.00000000000000E+00   0.00000000000000E+00   0.00000000000000E+00   0.00000000000000E+00   0.14880010077933E+00   -.99580838679679E-01
