# Excitation spectrum ; written at 2023-10-25 13:38:33
#     Exc.     energy (Eh)   energy (eV)   energy (cm-1)   energy (nm)     Osc.(vel)      Osc.(len) 
       1 a1       0.304130       8.27581       66748.893       149.815     0.06175945     0.08082220
       2 a1       0.357444       9.72654       78449.848       127.470     0.00000026     0.04331247
       3 a1       0.405348      11.03008       88963.564       112.406     0.03228608     0.23090687
       4 a1       0.450354      12.25476       98841.292       101.172     0.01319880     0.03073235
       5 a1       0.463542      12.61362      101735.687        98.294     0.00324644     0.00303241
       6 a1       0.488834      13.30184      107286.577        93.208     0.13777911     0.14562286
       7 a1       0.502178      13.66495      110215.241        90.732     0.05670928     0.09277430
       8 a1       0.529504      14.40853      116212.615        86.049     0.17790419     0.31351394
       9 a1       0.538151      14.64384      118110.502        84.666     0.03832111     0.08423922
      10 a1       0.542272      14.75597      119014.889        84.023     0.01724762     0.01860876
       1 a2       0.147438       4.01200       32358.976       309.033     0.00000000     0.00000000
       2 a2       0.324080       8.81868       71127.417       140.593     0.00000000     0.00000000
       3 a2       0.375539      10.21895       82421.359       121.328     0.00000000     0.00000000
       4 a2       0.434836      11.83248       95435.420       104.783     0.00000000     0.00000000
       5 a2       0.436318      11.87280       95760.623       104.427     0.00000000     0.00000000
       6 a2       0.503640      13.70474      110536.149        90.468     0.00000000     0.00000000
       7 a2       0.545818      14.85246      119793.143        83.477     0.00000000     0.00000000
       8 a2       0.553756      15.06845      121535.286        82.281     0.00000000     0.00000000
       9 a2       0.595792      16.21233      130761.266        76.475     0.00000000     0.00000000
      10 a2       0.611198      16.63155      134142.519        74.548     0.00000000     0.00000000
       1 b1       0.258210       7.02624       56670.484       176.459     0.02147360     0.03269580
       2 b1       0.304093       8.27478       66740.606       149.834     0.05161551     0.05403852
       3 b1       0.349105       9.49964       76619.782       130.515     0.01062202     0.02071453
       4 b1       0.368700      10.03283       80920.217       123.579     0.01392881     0.02743455
       5 b1       0.469034      12.76306      102941.003        97.143     0.00000059     0.00165669
       6 b1       0.484450      13.18256      106324.552        94.052     0.10024163     0.12735041
       7 b1       0.490236      13.33999      107594.286        92.942     0.01832499     0.02714651
       8 b1       0.501326      13.64177      110028.290        90.886     0.11108681     0.15571176
       9 b1       0.525500      14.29959      115333.967        86.705     0.00162429     0.00286378
      10 b1       0.535188      14.56321      117460.241        85.135     0.00135748     0.00164768
       1 b2       0.338837       9.22023       74366.205       134.470     0.00416937     0.00029382
       2 b2       0.391701      10.65873       85968.462       116.322     0.03910536     0.03939619
       3 b2       0.407755      11.09559       89491.971       111.742     0.01655502     0.01605320
       4 b2       0.439540      11.96050       96467.967       103.661     0.03978998     0.05096214
       5 b2       0.482573      13.13149      105912.582        94.417     0.00014053     0.00060433
       6 b2       0.497275      13.53156      109139.353        91.626     0.03947524     0.05248930
       7 b2       0.509521      13.86476      111826.825        89.424     0.02239755     0.02487979
       8 b2       0.546708      14.87668      119988.497        83.341     0.02327973     0.01244268
       9 b2       0.570487      15.52375      125207.494        79.867     0.08477294     0.27929685
      10 b2       0.601923      16.37916      132106.857        75.696     0.02914569     0.01818917
