# Electronic transition moments of , IRREP a1  electric dipole (length) / electric dipole (velocity) / magnetic dipole
 0.00000000000000E+00   0.00000000000000E+00   0.55190898326463E+00   0.00000000000000E+00   0.00000000000000E+00   0.63136586735531E+00   0.00000000000000E+00   0.00000000000000E+00   0.00000000000000E+00
 -.10977253353875E+01   -.98681974837781E-01   0.55932740514594E+00   0.00000000000000E+00   0.00000000000000E+00   0.00000000000000E+00
 0.00000000000000E+00   0.00000000000000E+00   0.10519454568107E-02   0.00000000000000E+00   0.00000000000000E+00   -.42633227302064E+00   0.00000000000000E+00   0.00000000000000E+00   0.00000000000000E+00
 -.10124590878112E+01   0.37756479032908E+00   -.23853143169575E+01   0.00000000000000E+00   0.00000000000000E+00   0.00000000000000E+00
 0.00000000000000E+00   0.00000000000000E+00   -.34565224266544E+00   0.00000000000000E+00   0.00000000000000E+00   -.92437914180012E+00   0.00000000000000E+00   0.00000000000000E+00   0.00000000000000E+00
 0.17774407202901E+01   0.52052045561598E+00   -.64063169356692E+00   0.00000000000000E+00   0.00000000000000E+00   0.00000000000000E+00
 0.00000000000000E+00   0.00000000000000E+00   0.20966973899742E+00   0.00000000000000E+00   0.00000000000000E+00   0.31993848849028E+00   0.00000000000000E+00   0.00000000000000E+00   0.00000000000000E+00
 -.96752026598484E+00   0.36659280784233E-01   -.39302603562368E+00   0.00000000000000E+00   0.00000000000000E+00   0.00000000000000E+00
 0.00000000000000E+00   0.00000000000000E+00   -.10249545065636E+00   0.00000000000000E+00   0.00000000000000E+00   -.99059187850843E-01   0.00000000000000E+00   0.00000000000000E+00   0.00000000000000E+00
 -.52228618277500E+00   -.18065307134738E+01   -.88663048576738E+00   0.00000000000000E+00   0.00000000000000E+00   0.00000000000000E+00
 0.00000000000000E+00   0.00000000000000E+00   -.65021470037234E+00   0.00000000000000E+00   0.00000000000000E+00   -.66846686259919E+00   0.00000000000000E+00   0.00000000000000E+00   0.00000000000000E+00
 0.41278835979631E-01   -.37428890499953E+00   -.15274886671428E+01   0.00000000000000E+00   0.00000000000000E+00   0.00000000000000E+00
 0.00000000000000E+00   0.00000000000000E+00   -.41157031871287E+00   0.00000000000000E+00   0.00000000000000E+00   -.52641808189942E+00   0.00000000000000E+00   0.00000000000000E+00   0.00000000000000E+00
 -.86833437554739E+00   0.26707583035424E-01   -.57252251967093E-01   0.00000000000000E+00   0.00000000000000E+00   0.00000000000000E+00
 0.00000000000000E+00   0.00000000000000E+00   -.70991155179248E+00   0.00000000000000E+00   0.00000000000000E+00   -.94240933721181E+00   0.00000000000000E+00   0.00000000000000E+00   0.00000000000000E+00
 -.26623990202583E+00   -.22382832128260E+00   -.18689310854716E+01   0.00000000000000E+00   0.00000000000000E+00   0.00000000000000E+00
 0.00000000000000E+00   0.00000000000000E+00   -.32682296671754E+00   0.00000000000000E+00   0.00000000000000E+00   -.48456350364616E+00   0.00000000000000E+00   0.00000000000000E+00   0.00000000000000E+00
 -.14587507633891E+01   -.86434597901027E-01   0.68237086355122E+00   0.00000000000000E+00   0.00000000000000E+00   0.00000000000000E+00
 0.00000000000000E+00   0.00000000000000E+00   -.21842468445896E+00   0.00000000000000E+00   0.00000000000000E+00   -.22687981557832E+00   0.00000000000000E+00   0.00000000000000E+00   0.00000000000000E+00
 0.13234052454056E+01   0.65645072817752E+00   0.57565181912088E+00   0.00000000000000E+00   0.00000000000000E+00   0.00000000000000E+00
# Electronic transition moments of , IRREP a2  electric dipole (length) / electric dipole (velocity) / magnetic dipole
 0.00000000000000E+00   0.00000000000000E+00   0.00000000000000E+00   0.00000000000000E+00   0.00000000000000E+00   0.00000000000000E+00   0.00000000000000E+00   0.00000000000000E+00   -.43585901304922E-02
 0.00000000000000E+00   0.00000000000000E+00   0.00000000000000E+00   -.71470306973382E+00   0.00000000000000E+00   0.00000000000000E+00
 0.00000000000000E+00   0.00000000000000E+00   0.00000000000000E+00   0.00000000000000E+00   0.00000000000000E+00   0.00000000000000E+00   0.00000000000000E+00   0.00000000000000E+00   -.31996064441286E-04
 0.00000000000000E+00   0.00000000000000E+00   0.00000000000000E+00   0.26787833263620E-02   0.00000000000000E+00   0.00000000000000E+00
 0.00000000000000E+00   0.00000000000000E+00   0.00000000000000E+00   0.00000000000000E+00   0.00000000000000E+00   0.00000000000000E+00   0.00000000000000E+00   0.00000000000000E+00   0.23940273201974E-02
 0.00000000000000E+00   0.00000000000000E+00   0.00000000000000E+00   0.70568404677873E+00   0.00000000000000E+00   0.00000000000000E+00
 0.00000000000000E+00   0.00000000000000E+00   0.00000000000000E+00   0.00000000000000E+00   0.00000000000000E+00   0.00000000000000E+00   0.00000000000000E+00   0.00000000000000E+00   0.28844635390105E-03
 0.00000000000000E+00   0.00000000000000E+00   0.00000000000000E+00   0.12458188774111E+01   0.00000000000000E+00   0.00000000000000E+00
 0.00000000000000E+00   0.00000000000000E+00   0.00000000000000E+00   0.00000000000000E+00   0.00000000000000E+00   0.00000000000000E+00   0.00000000000000E+00   0.00000000000000E+00   -.28002640406948E-03
 0.00000000000000E+00   0.00000000000000E+00   0.00000000000000E+00   0.82687934996368E-01   0.00000000000000E+00   0.00000000000000E+00
 0.00000000000000E+00   0.00000000000000E+00   0.00000000000000E+00   0.00000000000000E+00   0.00000000000000E+00   0.00000000000000E+00   0.00000000000000E+00   0.00000000000000E+00   0.82988510001943E-05
 0.00000000000000E+00   0.00000000000000E+00   0.00000000000000E+00   0.31650547270618E+00   0.00000000000000E+00   0.00000000000000E+00
 0.00000000000000E+00   0.00000000000000E+00   0.00000000000000E+00   0.00000000000000E+00   0.00000000000000E+00   0.00000000000000E+00   0.00000000000000E+00   0.00000000000000E+00   -.12724832540261E-03
 0.00000000000000E+00   0.00000000000000E+00   0.00000000000000E+00   -.16024051713702E+00   0.00000000000000E+00   0.00000000000000E+00
 0.00000000000000E+00   0.00000000000000E+00   0.00000000000000E+00   0.00000000000000E+00   0.00000000000000E+00   0.00000000000000E+00   0.00000000000000E+00   0.00000000000000E+00   0.57290291421339E-05
 0.00000000000000E+00   0.00000000000000E+00   0.00000000000000E+00   0.67573984026548E+00   0.00000000000000E+00   0.00000000000000E+00
 0.00000000000000E+00   0.00000000000000E+00   0.00000000000000E+00   0.00000000000000E+00   0.00000000000000E+00   0.00000000000000E+00   0.00000000000000E+00   0.00000000000000E+00   0.58829745609367E-03
 0.00000000000000E+00   0.00000000000000E+00   0.00000000000000E+00   0.69533191496089E+00   0.00000000000000E+00   0.00000000000000E+00
 0.00000000000000E+00   0.00000000000000E+00   0.00000000000000E+00   0.00000000000000E+00   0.00000000000000E+00   0.00000000000000E+00   0.00000000000000E+00   0.00000000000000E+00   -.61594823366775E-04
 0.00000000000000E+00   0.00000000000000E+00   0.00000000000000E+00   -.36295103438865E+00   0.00000000000000E+00   0.00000000000000E+00
# Electronic transition moments of , IRREP b1  electric dipole (length) / electric dipole (velocity) / magnetic dipole
 -.35319273972962E+00   0.00000000000000E+00   0.00000000000000E+00   -.43581817617513E+00   0.00000000000000E+00   0.00000000000000E+00   0.00000000000000E+00   0.16196055165188E-02   0.00000000000000E+00
 0.00000000000000E+00   0.00000000000000E+00   0.00000000000000E+00   0.00000000000000E+00   0.17606298584095E+01   0.00000000000000E+00
 0.50458324041493E+00   0.00000000000000E+00   0.00000000000000E+00   0.51629088905548E+00   0.00000000000000E+00   0.00000000000000E+00   0.00000000000000E+00   0.29234218425493E-02   0.00000000000000E+00
 0.00000000000000E+00   0.00000000000000E+00   0.00000000000000E+00   0.00000000000000E+00   0.66149293236614E-01   0.00000000000000E+00
 -.21363425931389E+00   0.00000000000000E+00   0.00000000000000E+00   -.29833544938458E+00   0.00000000000000E+00   0.00000000000000E+00   0.00000000000000E+00   0.36236410068262E-02   0.00000000000000E+00
 0.00000000000000E+00   0.00000000000000E+00   0.00000000000000E+00   0.00000000000000E+00   0.96760414007764E-01   0.00000000000000E+00
 -.23804894871581E+00   0.00000000000000E+00   0.00000000000000E+00   -.33408592178326E+00   0.00000000000000E+00   0.00000000000000E+00   0.00000000000000E+00   0.10872123081895E-02   0.00000000000000E+00
 0.00000000000000E+00   0.00000000000000E+00   0.00000000000000E+00   0.00000000000000E+00   0.11804184413710E+01   0.00000000000000E+00
 0.13734055538831E-02   0.00000000000000E+00   0.00000000000000E+00   0.72788669111279E-01   0.00000000000000E+00   0.00000000000000E+00   0.00000000000000E+00   -.47690753705971E-03   0.00000000000000E+00
 0.00000000000000E+00   0.00000000000000E+00   0.00000000000000E+00   0.00000000000000E+00   -.89103642339653E+00   0.00000000000000E+00
 0.55711527465854E+00   0.00000000000000E+00   0.00000000000000E+00   0.62794439766401E+00   0.00000000000000E+00   0.00000000000000E+00   0.00000000000000E+00   -.25243786873165E-03   0.00000000000000E+00
 0.00000000000000E+00   0.00000000000000E+00   0.00000000000000E+00   0.00000000000000E+00   -.75509768763620E+00   0.00000000000000E+00
 -.23679091765934E+00   0.00000000000000E+00   0.00000000000000E+00   -.28820412114536E+00   0.00000000000000E+00   0.00000000000000E+00   0.00000000000000E+00   -.14187418758461E-02   0.00000000000000E+00
 0.00000000000000E+00   0.00000000000000E+00   0.00000000000000E+00   0.00000000000000E+00   -.21101929619280E+00   0.00000000000000E+00
 -.57652330415353E+00   0.00000000000000E+00   0.00000000000000E+00   -.68256861050364E+00   0.00000000000000E+00   0.00000000000000E+00   0.00000000000000E+00   -.42918120946349E-03   0.00000000000000E+00
 0.00000000000000E+00   0.00000000000000E+00   0.00000000000000E+00   0.00000000000000E+00   -.63276657712152E+00   0.00000000000000E+00
 -.68091188086265E-01   0.00000000000000E+00   0.00000000000000E+00   -.90412594311604E-01   0.00000000000000E+00   0.00000000000000E+00   0.00000000000000E+00   -.14419523601724E-02   0.00000000000000E+00
 0.00000000000000E+00   0.00000000000000E+00   0.00000000000000E+00   0.00000000000000E+00   0.48592870021486E+00   0.00000000000000E+00
 -.61682099037605E-01   0.00000000000000E+00   0.00000000000000E+00   -.67956109759137E-01   0.00000000000000E+00   0.00000000000000E+00   0.00000000000000E+00   0.69966949495416E-03   0.00000000000000E+00
 0.00000000000000E+00   0.00000000000000E+00   0.00000000000000E+00   0.00000000000000E+00   -.96903275131564E+00   0.00000000000000E+00
# Electronic transition moments of , IRREP b2  electric dipole (length) / electric dipole (velocity) / magnetic dipole
 0.00000000000000E+00   -.13585802473744E+00   0.00000000000000E+00   0.00000000000000E+00   0.36065625596048E-01   0.00000000000000E+00   -.49114033281329E-02   0.00000000000000E+00   0.00000000000000E+00
 0.00000000000000E+00   0.00000000000000E+00   0.00000000000000E+00   0.00000000000000E+00   0.00000000000000E+00   0.10882995019001E+01
 0.00000000000000E+00   0.38697808998461E+00   0.00000000000000E+00   0.00000000000000E+00   0.38841440025602E+00   0.00000000000000E+00   -.35275203249383E-03   0.00000000000000E+00   0.00000000000000E+00
 0.00000000000000E+00   0.00000000000000E+00   0.00000000000000E+00   0.00000000000000E+00   0.00000000000000E+00   0.18266204705232E+00
 0.00000000000000E+00   0.24678036407070E+00   0.00000000000000E+00   0.00000000000000E+00   0.24301132531916E+00   0.00000000000000E+00   0.29945664965941E-02   0.00000000000000E+00   0.00000000000000E+00
 0.00000000000000E+00   0.00000000000000E+00   0.00000000000000E+00   0.00000000000000E+00   0.00000000000000E+00   -.12432365792029E+01
 0.00000000000000E+00   0.36849628752393E+00   0.00000000000000E+00   0.00000000000000E+00   0.41703265689269E+00   0.00000000000000E+00   -.34287709420499E-03   0.00000000000000E+00   0.00000000000000E+00
 0.00000000000000E+00   0.00000000000000E+00   0.00000000000000E+00   0.00000000000000E+00   0.00000000000000E+00   0.97904432621153E+00
 0.00000000000000E+00   -.20899868795047E-01   0.00000000000000E+00   0.00000000000000E+00   -.43341163171540E-01   0.00000000000000E+00   0.53643479170129E-03   0.00000000000000E+00   0.00000000000000E+00
 0.00000000000000E+00   0.00000000000000E+00   0.00000000000000E+00   0.00000000000000E+00   0.00000000000000E+00   0.32401170486831E-01
 0.00000000000000E+00   -.34507184105613E+00   0.00000000000000E+00   0.00000000000000E+00   -.39790782218823E+00   0.00000000000000E+00   0.10942485477032E-02   0.00000000000000E+00   0.00000000000000E+00
 0.00000000000000E+00   0.00000000000000E+00   0.00000000000000E+00   0.00000000000000E+00   0.00000000000000E+00   -.14832509013755E+00
 0.00000000000000E+00   -.25678227279926E+00   0.00000000000000E+00   0.00000000000000E+00   -.27063760759696E+00   0.00000000000000E+00   0.15231278678512E-02   0.00000000000000E+00   0.00000000000000E+00
 0.00000000000000E+00   0.00000000000000E+00   0.00000000000000E+00   0.00000000000000E+00   0.00000000000000E+00   -.66859112073048E+00
 0.00000000000000E+00   0.25273009357709E+00   0.00000000000000E+00   0.00000000000000E+00   0.18476722438776E+00   0.00000000000000E+00   -.18198486215945E-02   0.00000000000000E+00   0.00000000000000E+00
 0.00000000000000E+00   0.00000000000000E+00   0.00000000000000E+00   0.00000000000000E+00   0.00000000000000E+00   0.43750059560373E-01
 0.00000000000000E+00   -.47211875091641E+00   0.00000000000000E+00   0.00000000000000E+00   -.85695033586518E+00   0.00000000000000E+00   -.24661196713298E-03   0.00000000000000E+00   0.00000000000000E+00
 0.00000000000000E+00   0.00000000000000E+00   0.00000000000000E+00   0.00000000000000E+00   0.00000000000000E+00   0.98704543712651E-01
 0.00000000000000E+00   -.26950219164370E+00   0.00000000000000E+00   0.00000000000000E+00   -.21290287630795E+00   0.00000000000000E+00   0.88328027427294E-03   0.00000000000000E+00   0.00000000000000E+00
 0.00000000000000E+00   0.00000000000000E+00   0.00000000000000E+00   0.00000000000000E+00   0.00000000000000E+00   -.57031949879759E+00
