

#----------------------------------------------------------------------
# Basis Set Exchange
# Version v0.9.1
# https://www.basissetexchange.org
#----------------------------------------------------------------------
#   Basis set: aug-cc-pVQZ
# Description: aug-cc-pVQZ
#        Role: orbital
#     Version: 1  (Data from ccRepo/Grant Hill)
#----------------------------------------------------------------------


# Hydrogen aug-cc-pVQZ (7s,4p,3d,2f) -> [5s,4p,3d,2f]
H aug-cc-pVQZ
    8
1 0 0 6 4
      8.264000E+01           0.000000E+00           0.000000E+00           2.006000E-03           0.000000E+00
      1.241000E+01           0.000000E+00           0.000000E+00           1.534300E-02           0.000000E+00
      2.824000E+00           0.000000E+00           0.000000E+00           7.557900E-02           0.000000E+00
      7.977000E-01           1.000000E+00           0.000000E+00           2.568750E-01           0.000000E+00
      2.581000E-01           0.000000E+00           1.000000E+00           4.973680E-01           0.000000E+00
      8.989000E-02           0.000000E+00           0.000000E+00           2.961330E-01           1.000000E+00
1 0 0 1 1
      0.0236300              1.0000000
1 1 1 3 3
      2.292000E+00           1.000000E+00           0.000000E+00           0.000000E+00
      8.380000E-01           0.000000E+00           1.000000E+00           0.000000E+00
      2.920000E-01           0.000000E+00           0.000000E+00           1.000000E+00
1 1 1 1 1
      0.0848000              1.0000000
1 2 2 2 2
      2.062000E+00           1.000000E+00           0.000000E+00
      6.620000E-01           0.000000E+00           1.000000E+00
1 2 2 1 1
      0.1900000              1.0000000
1 3 3 1 1
      1.397000E+00           1.0000000
1 3 3 1 1
      0.3600000              1.0000000

# Carbon aug-cc-pVQZ (13s,7p,4d,3f,2g) -> [6s,5p,4d,3f,2g]
C aug-cc-pVQZ
    10
1 0 0 12 5
      3.398000E+04           9.100000E-05           0.000000E+00           0.000000E+00          -1.900000E-05           0.000000E+00
      5.089000E+03           7.040000E-04           0.000000E+00           0.000000E+00          -1.510000E-04           0.000000E+00
      1.157000E+03           3.693000E-03           0.000000E+00           0.000000E+00          -7.850000E-04           0.000000E+00
      3.266000E+02           1.536000E-02           0.000000E+00           0.000000E+00          -3.324000E-03           0.000000E+00
      1.061000E+02           5.292900E-02           0.000000E+00           0.000000E+00          -1.151200E-02           0.000000E+00
      3.811000E+01           1.470430E-01           0.000000E+00           0.000000E+00          -3.416000E-02           0.000000E+00
      1.475000E+01           3.056310E-01           0.000000E+00           0.000000E+00          -7.717300E-02           0.000000E+00
      6.035000E+00           3.993450E-01           0.000000E+00           0.000000E+00          -1.414930E-01           0.000000E+00
      2.530000E+00           2.170510E-01           0.000000E+00           0.000000E+00          -1.180190E-01           0.000000E+00
      7.355000E-01           1.589400E-02           1.000000E+00           0.000000E+00           2.738060E-01           0.000000E+00
      2.905000E-01          -3.084000E-03           0.000000E+00           1.000000E+00           5.865100E-01           0.000000E+00
      1.111000E-01           9.780000E-04           0.000000E+00           0.000000E+00           2.854300E-01           1.000000E+00
1 0 0 1 1
      0.0414500              1.0000000
1 1 1 6 4
      3.451000E+01           0.000000E+00           5.378000E-03           0.000000E+00           0.000000E+00
      7.915000E+00           0.000000E+00           3.613200E-02           0.000000E+00           0.000000E+00
      2.368000E+00           0.000000E+00           1.424930E-01           0.000000E+00           0.000000E+00
      8.132000E-01           1.000000E+00           3.421500E-01           0.000000E+00           0.000000E+00
      2.890000E-01           0.000000E+00           4.638640E-01           1.000000E+00           0.000000E+00
      1.007000E-01           0.000000E+00           2.500280E-01           0.000000E+00           1.000000E+00
1 1 1 1 1
      0.0321800              1.0000000
1 2 2 3 3
      1.848000E+00           1.000000E+00           0.000000E+00           0.000000E+00
      6.490000E-01           0.000000E+00           1.000000E+00           0.000000E+00
      2.280000E-01           0.000000E+00           0.000000E+00           1.000000E+00
1 2 2 1 1
      0.0766000              1.0000000
1 3 3 2 2
      1.419000E+00           1.000000E+00           0.000000E+00
      4.850000E-01           0.000000E+00           1.000000E+00
1 3 3 1 1
      0.1870000              1.0000000
1 4 4 1 1
      1.011000E+00           1.0000000
1 4 4 1 1
      0.4240000              1.0000000

# Oxygen aug-cc-pVQZ (13s,7p,4d,3f,2g) -> [6s,5p,4d,3f,2g]
O aug-cc-pVQZ
    10
1 0 0 12 5
      6.142000E+04           9.000000E-05           0.000000E+00           0.000000E+00          -2.000000E-05           0.000000E+00
      9.199000E+03           6.980000E-04           0.000000E+00           0.000000E+00          -1.590000E-04           0.000000E+00
      2.091000E+03           3.664000E-03           0.000000E+00           0.000000E+00          -8.290000E-04           0.000000E+00
      5.909000E+02           1.521800E-02           0.000000E+00           0.000000E+00          -3.508000E-03           0.000000E+00
      1.923000E+02           5.242300E-02           0.000000E+00           0.000000E+00          -1.215600E-02           0.000000E+00
      6.932000E+01           1.459210E-01           0.000000E+00           0.000000E+00          -3.626100E-02           0.000000E+00
      2.697000E+01           3.052580E-01           0.000000E+00           0.000000E+00          -8.299200E-02           0.000000E+00
      1.110000E+01           3.985080E-01           0.000000E+00           0.000000E+00          -1.520900E-01           0.000000E+00
      4.682000E+00           2.169800E-01           0.000000E+00           0.000000E+00          -1.153310E-01           0.000000E+00
      1.428000E+00           1.759400E-02           1.000000E+00           0.000000E+00           2.889790E-01           0.000000E+00
      5.547000E-01          -2.502000E-03           0.000000E+00           1.000000E+00           5.861280E-01           0.000000E+00
      2.067000E-01           9.540000E-04           0.000000E+00           0.000000E+00           2.776240E-01           1.000000E+00
1 0 0 1 1
      0.0695900              1.0000000
1 1 1 6 4
      6.342000E+01           0.000000E+00           6.044000E-03           0.000000E+00           0.000000E+00
      1.466000E+01           0.000000E+00           4.179900E-02           0.000000E+00           0.000000E+00
      4.459000E+00           0.000000E+00           1.611430E-01           0.000000E+00           0.000000E+00
      1.531000E+00           1.000000E+00           3.567310E-01           0.000000E+00           0.000000E+00
      5.302000E-01           0.000000E+00           4.483090E-01           1.000000E+00           0.000000E+00
      1.750000E-01           0.000000E+00           2.449400E-01           0.000000E+00           1.000000E+00
1 1 1 1 1
      0.0534800              1.0000000
1 2 2 3 3
      3.775000E+00           1.000000E+00           0.000000E+00           0.000000E+00
      1.300000E+00           0.000000E+00           1.000000E+00           0.000000E+00
      4.440000E-01           0.000000E+00           0.000000E+00           1.000000E+00
1 2 2 1 1
      0.1540000              1.0000000
1 3 3 2 2
      2.666000E+00           1.000000E+00           0.000000E+00
      8.590000E-01           0.000000E+00           1.000000E+00
1 3 3 1 1
      0.3240000              1.0000000
1 4 4 1 1
      1.846000E+00           1.0000000
1 4 4 1 1
      0.7140000              1.0000000

# Sulfur aug-cc-pVQZ (17s,12p,4d,3f,2g) -> [7s,6p,4d,3f,2g]
S aug-cc-pVQZ
    10
1 0 0 16 6
      7.278000E+05           2.360250E-05          -6.521790E-06           0.000000E+00           0.000000E+00           1.894060E-06           0.000000E+00
      1.090000E+05           1.834820E-04          -5.066310E-05           0.000000E+00           0.000000E+00           1.469480E-05           0.000000E+00
      2.480000E+04           9.642780E-04          -2.668330E-04           0.000000E+00           0.000000E+00           7.754600E-05           0.000000E+00
      7.014000E+03           4.065370E-03          -1.126010E-03           0.000000E+00           0.000000E+00           3.265090E-04           0.000000E+00
      2.278000E+03           1.469730E-02          -4.111860E-03           0.000000E+00           0.000000E+00           1.196860E-03           0.000000E+00
      8.147000E+02           4.650810E-02          -1.324540E-02           0.000000E+00           0.000000E+00           3.847990E-03           0.000000E+00
      3.134000E+02           1.255080E-01          -3.770040E-02           0.000000E+00           0.000000E+00           1.105390E-02           0.000000E+00
      1.277000E+02           2.684330E-01          -8.985540E-02           0.000000E+00           0.000000E+00           2.646450E-02           0.000000E+00
      5.448000E+01           3.848090E-01          -1.670980E-01           0.000000E+00           0.000000E+00           5.087710E-02           0.000000E+00
      2.385000E+01           2.653720E-01          -1.693540E-01           0.000000E+00           0.000000E+00           5.300300E-02           0.000000E+00
      9.428000E+00           4.373260E-02           1.278240E-01           0.000000E+00           0.000000E+00          -4.255180E-02           0.000000E+00
      4.290000E+00          -3.788070E-03           5.648620E-01           0.000000E+00           0.000000E+00          -2.508530E-01           0.000000E+00
      1.909000E+00           2.180830E-03           4.317670E-01           0.000000E+00           0.000000E+00          -3.331520E-01           0.000000E+00
      6.270000E-01          -8.369440E-04           3.893980E-02           1.000000E+00           0.000000E+00           2.637960E-01           0.000000E+00
      2.873000E-01           4.480880E-04          -7.302600E-03           0.000000E+00           1.000000E+00           6.668490E-01           0.000000E+00
      1.172000E-01          -1.252930E-04           1.923270E-03           0.000000E+00           0.000000E+00           2.884510E-01           1.000000E+00
1 0 0 1 1
      0.0428000              1.0000000
1 1 1 11 5
      1.546000E+03           4.411830E-04           0.000000E+00          -1.131100E-04           0.000000E+00           0.000000E+00
      3.664000E+02           3.775710E-03           0.000000E+00          -9.585810E-04           0.000000E+00           0.000000E+00
      1.184000E+02           1.983600E-02           0.000000E+00          -5.134710E-03           0.000000E+00           0.000000E+00
      4.453000E+01           7.420630E-02           0.000000E+00          -1.926410E-02           0.000000E+00           0.000000E+00
      1.838000E+01           1.973270E-01           0.000000E+00          -5.359800E-02           0.000000E+00           0.000000E+00
      7.965000E+00           3.518510E-01           0.000000E+00          -9.603330E-02           0.000000E+00           0.000000E+00
      3.541000E+00           3.786870E-01           0.000000E+00          -1.181830E-01           0.000000E+00           0.000000E+00
      1.591000E+00           1.709310E-01           0.000000E+00           9.231940E-03           0.000000E+00           0.000000E+00
      6.205000E-01           1.515870E-02           1.000000E+00           3.588410E-01           0.000000E+00           0.000000E+00
      2.420000E-01           6.719810E-05           0.000000E+00           5.258180E-01           1.000000E+00           0.000000E+00
      9.014000E-02           4.054910E-04           0.000000E+00           2.488720E-01           0.000000E+00           1.000000E+00
1 1 1 1 1
      0.0317000              1.0000000
1 2 2 3 3
      1.250000E+00           1.000000E+00           0.000000E+00           0.000000E+00
      5.040000E-01           0.000000E+00           1.000000E+00           0.000000E+00
      2.030000E-01           0.000000E+00           0.000000E+00           1.000000E+00
1 2 2 1 1
      0.0748000              1.0000000
1 3 3 2 2
      8.690000E-01           1.000000E+00           0.000000E+00
      3.350000E-01           0.000000E+00           1.000000E+00
1 3 3 1 1
      0.1400000              1.0000000
1 4 4 1 1
      6.830000E-01           1.0000000
1 4 4 1 1
      0.2970000              1.0000000

# Selenium aug-cc-pVQZ (22s,17p,13d,3f,2g) -> [8s,7p,5d,3f,2g]
Se aug-cc-pVQZ
    10
1 0 0 21 7
      1.501100E+07           3.600000E-06          -1.100000E-06           4.000000E-07           0.000000E+00           0.000000E+00          -1.000000E-07           0.000000E+00
      2.247500E+06           2.790000E-05          -8.700000E-06           3.400000E-06           0.000000E+00           0.000000E+00          -1.000000E-06           0.000000E+00
      5.114500E+05           1.466000E-04          -4.590000E-05           1.810000E-05           0.000000E+00           0.000000E+00          -5.300000E-06           0.000000E+00
      1.448700E+05           6.190000E-04          -1.939000E-04           7.630000E-05           0.000000E+00           0.000000E+00          -2.230000E-05           0.000000E+00
      4.726100E+04           2.251400E-03          -7.064000E-04           2.781000E-04           0.000000E+00           0.000000E+00          -8.140000E-05           0.000000E+00
      1.706200E+04           7.303000E-03          -2.303000E-03           9.068000E-04           0.000000E+00           0.000000E+00          -2.649000E-04           0.000000E+00
      6.654500E+03           2.144420E-02          -6.842500E-03           2.699900E-03           0.000000E+00           0.000000E+00          -7.906000E-04           0.000000E+00
      2.759800E+03           5.681220E-02          -1.863350E-02           7.372600E-03           0.000000E+00           0.000000E+00          -2.153900E-03           0.000000E+00
      1.203200E+03           1.320807E-01          -4.595120E-02           1.833600E-02           0.000000E+00           0.000000E+00          -5.381200E-03           0.000000E+00
      5.465300E+02           2.523469E-01          -9.921930E-02           4.018120E-02           0.000000E+00           0.000000E+00          -1.176940E-02           0.000000E+00
      2.566300E+02           3.459296E-01          -1.728813E-01           7.248640E-02           0.000000E+00           0.000000E+00          -2.146290E-02           0.000000E+00
      1.231400E+02           2.623890E-01          -1.884973E-01           8.356260E-02           0.000000E+00           0.000000E+00          -2.469040E-02           0.000000E+00
      5.826300E+01           6.679380E-02           4.226100E-02          -2.075920E-02           0.000000E+00           0.000000E+00           5.777400E-03           0.000000E+00
      2.902300E+01          -3.332000E-04           4.936791E-01          -3.183535E-01           0.000000E+00           0.000000E+00           1.015209E-01           0.000000E+00
      1.446500E+01           1.727500E-03           5.052818E-01          -4.798333E-01           0.000000E+00           0.000000E+00           1.578570E-01           0.000000E+00
      6.934800E+00          -8.299000E-04           1.184150E-01           5.928190E-02           0.000000E+00           0.000000E+00          -2.242190E-02           0.000000E+00
      3.329900E+00           3.578000E-04           1.956700E-03           7.174116E-01           0.000000E+00           0.000000E+00          -3.290776E-01           0.000000E+00
      1.560000E+00          -1.666000E-04           1.964800E-03           4.638636E-01           0.000000E+00           0.000000E+00          -3.873443E-01           0.000000E+00
      4.929100E-01           6.770000E-05          -4.644000E-04           2.899740E-02           1.000000E+00           0.000000E+00           3.400877E-01           0.000000E+00
      2.352500E-01          -4.040000E-05           2.459000E-04          -6.805400E-03           0.000000E+00           1.000000E+00           6.589356E-01           0.000000E+00
      1.003700E-01           1.100000E-05          -7.350000E-05           1.643800E-03           0.000000E+00           0.000000E+00           2.492161E-01           1.000000E+00
1 0 0 1 1
      0.0381520              1.0000000
1 1 1 16 6
      2.521700E+04           6.100000E-05          -2.410000E-05           0.000000E+00           5.800000E-06           0.000000E+00           0.000000E+00
      5.969900E+03           5.424000E-04          -2.152000E-04           0.000000E+00           5.200000E-05           0.000000E+00           0.000000E+00
      1.938900E+03           3.117400E-03          -1.238600E-03           0.000000E+00           2.998000E-04           0.000000E+00           0.000000E+00
      7.416600E+02           1.359770E-02          -5.460700E-03           0.000000E+00           1.320100E-03           0.000000E+00           0.000000E+00
      3.145000E+02           4.727880E-02          -1.929360E-02           0.000000E+00           4.685700E-03           0.000000E+00           0.000000E+00
      1.433100E+02           1.297856E-01          -5.497150E-02           0.000000E+00           1.337370E-02           0.000000E+00           0.000000E+00
      6.865000E+01           2.657383E-01          -1.177952E-01           0.000000E+00           2.892450E-02           0.000000E+00           0.000000E+00
      3.399500E+01           3.673544E-01          -1.740782E-01           0.000000E+00           4.294540E-02           0.000000E+00           0.000000E+00
      1.718500E+01           2.747805E-01          -9.557980E-02           0.000000E+00           2.232720E-02           0.000000E+00           0.000000E+00
      8.574000E+00           7.916790E-02           2.059714E-01           0.000000E+00          -6.360310E-02           0.000000E+00           0.000000E+00
      4.220600E+00           5.134900E-03           4.735431E-01           0.000000E+00          -1.436147E-01           0.000000E+00           0.000000E+00
      2.052100E+00           1.331900E-03           3.831922E-01           0.000000E+00          -1.447293E-01           0.000000E+00           0.000000E+00
      9.615600E-01          -2.033000E-04           9.208720E-02           0.000000E+00           6.303800E-02           0.000000E+00           0.000000E+00
      4.215100E-01           1.281000E-04           2.433200E-03           1.000000E+00           4.117109E-01           0.000000E+00           0.000000E+00
      1.762600E-01          -6.090000E-05           1.193800E-03           0.000000E+00           4.972700E-01           1.000000E+00           0.000000E+00
      7.066300E-02           1.430000E-05          -8.800000E-05           0.000000E+00           1.947168E-01           0.000000E+00           1.000000E+00
1 1 1 1 1
      0.0265690              1.0000000
1 2 2 12 4
      1.143400E+03           1.301000E-04           0.000000E+00           0.000000E+00           0.000000E+00
      3.453300E+02           1.257300E-03           0.000000E+00           0.000000E+00           0.000000E+00
      1.344600E+02           7.288200E-03           0.000000E+00           0.000000E+00           0.000000E+00
      5.956700E+01           2.886470E-02           0.000000E+00           0.000000E+00           0.000000E+00
      2.828300E+01           8.389870E-02           0.000000E+00           0.000000E+00           0.000000E+00
      1.406100E+01           1.819771E-01           0.000000E+00           0.000000E+00           0.000000E+00
      7.139000E+00           2.826057E-01           0.000000E+00           0.000000E+00           0.000000E+00
      3.614800E+00           3.220453E-01           0.000000E+00           0.000000E+00           0.000000E+00
      1.807200E+00           2.581633E-01           0.000000E+00           0.000000E+00           0.000000E+00
      8.694400E-01           1.180850E-01           1.000000E+00           0.000000E+00           0.000000E+00
      3.703600E-01           1.953180E-02           0.000000E+00           1.000000E+00           0.000000E+00
      1.530000E-01           0.000000E+00           0.000000E+00           0.000000E+00           1.000000E+00
1 2 2 1 1
      0.0619000              1.0000000
1 3 3 2 2
      7.097000E-01           1.000000E+00           0.000000E+00
      2.840000E-01           0.000000E+00           1.000000E+00
1 3 3 1 1
      0.1240000              1.0000000
1 4 4 1 1
      5.730000E-01           1.0000000
1 4 4 1 1
      0.2630000              1.0000000


F aug-cc-pVQZ
    10
1 0 0 12 5
      7.453000E+04           9.500000E-05           0.000000E+00           0.000000E+00          -2.200000E-05           0.000000E+00
      1.117000E+04           7.380000E-04           0.000000E+00           0.000000E+00          -1.720000E-04           0.000000E+00
      2.543000E+03           3.858000E-03           0.000000E+00           0.000000E+00          -8.910000E-04           0.000000E+00
      7.210000E+02           1.592600E-02           0.000000E+00           0.000000E+00          -3.748000E-03           0.000000E+00
      2.359000E+02           5.428900E-02           0.000000E+00           0.000000E+00          -1.286200E-02           0.000000E+00
      8.560000E+01           1.495130E-01           0.000000E+00           0.000000E+00          -3.806100E-02           0.000000E+00
      3.355000E+01           3.082520E-01           0.000000E+00           0.000000E+00          -8.623900E-02           0.000000E+00
      1.393000E+01           3.948530E-01           0.000000E+00           0.000000E+00          -1.558650E-01           0.000000E+00
      5.915000E+00           2.110310E-01           0.000000E+00           0.000000E+00          -1.109140E-01           0.000000E+00
      1.843000E+00           1.715100E-02           1.000000E+00           0.000000E+00           2.987610E-01           0.000000E+00
      7.124000E-01          -2.015000E-03           0.000000E+00           1.000000E+00           5.850130E-01           0.000000E+00
      2.637000E-01           8.690000E-04           0.000000E+00           0.000000E+00           2.711590E-01           1.000000E+00
1 0 0 1 1
      0.0859400              1.0000000
1 1 1 6 4
      8.039000E+01           0.000000E+00           6.347000E-03           0.000000E+00           0.000000E+00
      1.863000E+01           0.000000E+00           4.420400E-02           0.000000E+00           0.000000E+00
      5.694000E+00           0.000000E+00           1.685140E-01           0.000000E+00           0.000000E+00
      1.953000E+00           1.000000E+00           3.615630E-01           0.000000E+00           0.000000E+00
      6.702000E-01           0.000000E+00           4.421780E-01           1.000000E+00           0.000000E+00
      2.166000E-01           0.000000E+00           2.434350E-01           0.000000E+00           1.000000E+00
1 1 1 1 1
      0.0656800              1.0000000
1 2 2 3 3
      5.014000E+00           1.000000E+00           0.000000E+00           0.000000E+00
      1.725000E+00           0.000000E+00           1.000000E+00           0.000000E+00
      5.860000E-01           0.000000E+00           0.000000E+00           1.000000E+00
1 2 2 1 1
      0.2070000              1.0000000
1 3 3 2 2
      3.562000E+00           1.000000E+00           0.000000E+00
      1.148000E+00           0.000000E+00           1.000000E+00
1 3 3 1 1
      0.4600000              1.0000000
1 4 4 1 1
      2.376000E+00           1.0000000
1 4 4 1 1
      0.9240000              1.0000000

# Chlorine aug-cc-pVQZ (17s,12p,4d,3f,2g) -> [7s,6p,4d,3f,2g]
Cl aug-cc-pVQZ
    10
1 0 0 16 6
      8.349000E+05           2.316880E-05          -6.496490E-06           0.000000E+00           0.000000E+00           1.966450E-06           0.000000E+00
      1.250000E+05           1.801540E-04          -5.048950E-05           0.000000E+00           0.000000E+00           1.526200E-05           0.000000E+00
      2.843000E+04           9.477820E-04          -2.661130E-04           0.000000E+00           0.000000E+00           8.060860E-05           0.000000E+00
      8.033000E+03           4.001390E-03          -1.124990E-03           0.000000E+00           0.000000E+00           3.399600E-04           0.000000E+00
      2.608000E+03           1.446290E-02          -4.104970E-03           0.000000E+00           0.000000E+00           1.245510E-03           0.000000E+00
      9.339000E+02           4.565860E-02          -1.319870E-02           0.000000E+00           0.000000E+00           3.996120E-03           0.000000E+00
      3.600000E+02           1.232480E-01          -3.753420E-02           0.000000E+00           0.000000E+00           1.147510E-02           0.000000E+00
      1.470000E+02           2.643690E-01          -8.972330E-02           0.000000E+00           0.000000E+00           2.755040E-02           0.000000E+00
      6.288000E+01           3.829890E-01          -1.676710E-01           0.000000E+00           0.000000E+00           5.329170E-02           0.000000E+00
      2.760000E+01           2.709340E-01          -1.747630E-01           0.000000E+00           0.000000E+00           5.712460E-02           0.000000E+00
      1.108000E+01           4.714040E-02           1.149090E-01           0.000000E+00           0.000000E+00          -3.952010E-02           0.000000E+00
      5.075000E+00          -3.717660E-03           5.636180E-01           0.000000E+00           0.000000E+00          -2.643430E-01           0.000000E+00
      2.278000E+00           2.191580E-03           4.416060E-01           0.000000E+00           0.000000E+00          -3.492910E-01           0.000000E+00
      7.775000E-01          -8.498500E-04           4.266970E-02           1.000000E+00           0.000000E+00           2.696710E-01           0.000000E+00
      3.527000E-01           4.246640E-04          -6.672290E-03           0.000000E+00           1.000000E+00           6.760730E-01           0.000000E+00
      1.431000E-01          -1.200180E-04           1.907290E-03           0.000000E+00           0.000000E+00           2.846790E-01           1.000000E+00
1 0 0 1 1
      0.0519000              1.0000000
1 1 1 11 5
      1.703000E+03           4.740390E-04           0.000000E+00          -1.282660E-04           0.000000E+00           0.000000E+00
      4.036000E+02           4.064120E-03           0.000000E+00          -1.093560E-03           0.000000E+00           0.000000E+00
      1.303000E+02           2.133550E-02           0.000000E+00          -5.834290E-03           0.000000E+00           0.000000E+00
      4.905000E+01           7.946110E-02           0.000000E+00          -2.192580E-02           0.000000E+00           0.000000E+00
      2.026000E+01           2.089270E-01           0.000000E+00          -6.013850E-02           0.000000E+00           0.000000E+00
      8.787000E+00           3.649450E-01           0.000000E+00          -1.069290E-01           0.000000E+00           0.000000E+00
      3.919000E+00           3.717250E-01           0.000000E+00          -1.224540E-01           0.000000E+00           0.000000E+00
      1.765000E+00           1.462920E-01           0.000000E+00           3.836190E-02           0.000000E+00           0.000000E+00
      7.207000E-01           1.079060E-02           1.000000E+00           3.852560E-01           0.000000E+00           0.000000E+00
      2.839000E-01           1.170040E-03           0.000000E+00           5.072650E-01           1.000000E+00           0.000000E+00
      1.060000E-01           3.394080E-04           0.000000E+00           2.272180E-01           0.000000E+00           1.000000E+00
1 1 1 1 1
      0.0376000              1.0000000
1 2 2 3 3
      1.551000E+00           1.000000E+00           0.000000E+00           0.000000E+00
      6.280000E-01           0.000000E+00           1.000000E+00           0.000000E+00
      2.540000E-01           0.000000E+00           0.000000E+00           1.000000E+00
1 2 2 1 1
      0.0952000              1.0000000
1 3 3 2 2
      1.089000E+00           1.000000E+00           0.000000E+00
      4.230000E-01           0.000000E+00           1.000000E+00
1 3 3 1 1
      0.2170000              1.0000000
1 4 4 1 1
      8.270000E-01           1.0000000
1 4 4 1 1
      0.3780000              1.0000000



