# URL: https://cp2k-basis.pierrebeaujean.net/api/basis/aug-QZV2P-GTH/data?elements=H,C,O,S
# BUILD: 22/02/2023 @ 10:31
# FETCHED: 06/12/2023 @ 08:38
# ---
# H [25s5p|5s3p]
# SOURCE: https://github.com/cp2k/cp2k/raw/786bc82ff9ded3e1f761cba6d8e25c3c9fe19bb1/data/GTH_BASIS_SETS#L122
H  aug-QZV2P-GTH-q1 aug-QZV2P-GTH
4
1 0 0 6 4
 12.535094553000  0.011432168700  0.000000000000  0.000000000000  0.000000000000
  4.549153948900  0.034404828300  0.000000000000  0.000000000000  0.000000000000
  1.668519360600  0.100774697900  0.000000000000  0.000000000000  0.000000000000
  0.652384955600  0.230216918200  1.000000000000  0.000000000000  0.000000000000
  0.273301124400  0.406763793000  0.000000000000  1.000000000000  0.000000000000
  0.139060889000  0.332284130000  0.000000000000  0.000000000000  1.000000000000
2 1 1 2 2
  1.407000000000  1.000000000000  0.000000000000
  0.388000000000  0.000000000000  1.000000000000
5 0 0 1 1
  0.023630000000  1.000000000000
4 1 1 1 1
  0.084800000000  1.000000000000
# C [25s25p4d|5s5p2d]
# SOURCE: https://github.com/cp2k/cp2k/raw/786bc82ff9ded3e1f761cba6d8e25c3c9fe19bb1/data/GTH_BASIS_SETS#L569
C  aug-QZV2P-GTH-q4 aug-QZV2P-GTH
4
2 0 1 6 4 4
  6.211790377800 -0.064696740100  0.000000000000  0.000000000000  0.000000000000  0.032556945800  0.000000000000  0.000000000000  0.000000000000
  2.606342390600 -0.129775335700  0.000000000000  0.000000000000  0.000000000000  0.120287648900  0.000000000000  0.000000000000  0.000000000000
  1.011025807100  0.136533032200  0.000000000000  0.000000000000  0.000000000000  0.255681016600  0.000000000000  0.000000000000  0.000000000000
  0.409976783100  0.518387587700  1.000000000000  0.000000000000  0.000000000000  0.364373655600  1.000000000000  0.000000000000  0.000000000000
  0.161540929300  0.442667484100  0.000000000000  1.000000000000  0.000000000000  0.348962123200  0.000000000000  1.000000000000  0.000000000000
  0.059734991900  0.059875791800  0.000000000000  0.000000000000  1.000000000000  0.139997318000  0.000000000000  0.000000000000  1.000000000000
3 2 2 2 2
  1.097000000000  1.000000000000  0.000000000000
  0.318000000000  0.000000000000  1.000000000000
2 0 0 1 1
  0.041450000000  1.000000000000
2 1 1 1 1
  0.032180000000  1.000000000000
# O [25s25p4d|5s5p2d]
# SOURCE: https://github.com/cp2k/cp2k/raw/786bc82ff9ded3e1f761cba6d8e25c3c9fe19bb1/data/GTH_BASIS_SETS#L865
O  aug-QZV2P-GTH-q6 aug-QZV2P-GTH
4
2 0 1 6 4 4
 11.829867744400 -0.065868195900  0.000000000000  0.000000000000  0.000000000000  0.038999069800  0.000000000000  0.000000000000  0.000000000000
  4.932630739500 -0.132711778100  0.000000000000  0.000000000000  0.000000000000  0.132982431900  0.000000000000  0.000000000000  0.000000000000
  1.931299729800  0.152966021300  0.000000000000  0.000000000000  0.000000000000  0.273797400700  0.000000000000  0.000000000000  0.000000000000
  0.772400389900  0.520643997800  1.000000000000  0.000000000000  0.000000000000  0.366333804100  1.000000000000  0.000000000000  0.000000000000
  0.297633439200  0.432262225400  0.000000000000  1.000000000000  0.000000000000  0.329263876400  0.000000000000  1.000000000000  0.000000000000
  0.107006106300  0.059997717700  0.000000000000  0.000000000000  1.000000000000  0.132457118300  0.000000000000  0.000000000000  1.000000000000
3 2 2 2 2
  2.314000000000  1.000000000000  0.000000000000
  0.645000000000  0.000000000000  1.000000000000
6 0 0 1 1
  0.069590000000  1.000000000000
6 1 1 1 1
  0.053480000000  1.000000000000
# S [25s25p4d|5s5p2d]
# SOURCE: https://github.com/cp2k/cp2k/raw/786bc82ff9ded3e1f761cba6d8e25c3c9fe19bb1/data/GTH_BASIS_SETS#L1753
S  aug-QZV2P-GTH-q6 aug-QZV2P-GTH
4
3 0 1 6 4 4
  4.257359652800  0.034019879000  0.000000000000  0.000000000000  0.000000000000 -0.013938406800  0.000000000000  0.000000000000  0.000000000000
  2.130910709700 -0.334922907700  0.000000000000  0.000000000000  0.000000000000 -0.044984897000  0.000000000000  0.000000000000  0.000000000000
  0.929341506400  0.031679487100  0.000000000000  0.000000000000  0.000000000000  0.176230315300  0.000000000000  0.000000000000  0.000000000000
  0.413635112100  0.623459698800  1.000000000000  0.000000000000  0.000000000000  0.418861369300  1.000000000000  0.000000000000  0.000000000000
  0.172374993800  0.486976392100  0.000000000000  1.000000000000  0.000000000000  0.424214400800  0.000000000000  1.000000000000  0.000000000000
  0.067374736100  0.052467480700  0.000000000000  0.000000000000  1.000000000000  0.154498525000  0.000000000000  0.000000000000  1.000000000000
3 2 2 2 2
  0.819000000000  1.000000000000  0.000000000000
  0.269000000000  0.000000000000  1.000000000000
3 0 0 1 1
  0.042800000000  1.000000000000
3 1 1 1 1
  0.031700000000  1.000000000000
# URL: https://cp2k-basis.pierrebeaujean.net/api/basis/aug-QZV2P-GTH/data?elements=F,Cl
# BUILD: 22/02/2023 @ 10:31
# FETCHED: 15/01/2024 @ 11:53
# ---
# F [25s25p4d|5s5p2d]
# SOURCE: https://github.com/cp2k/cp2k/raw/786bc82ff9ded3e1f761cba6d8e25c3c9fe19bb1/data/GTH_BASIS_SETS#L1013
F  aug-QZV2P-GTH-q7 aug-QZV2P-GTH
4
2 0 1 6 4 4
 15.162300354700 -0.067608489900  0.000000000000  0.000000000000  0.000000000000  0.040764753000  0.000000000000  0.000000000000  0.000000000000
  6.341842514100 -0.131737510800  0.000000000000  0.000000000000  0.000000000000  0.137440858400  0.000000000000  0.000000000000  0.000000000000
  2.490023029700  0.158717717300  0.000000000000  0.000000000000  0.000000000000  0.278970877100  0.000000000000  0.000000000000  0.000000000000
  0.991924030800  0.521005619100  1.000000000000  0.000000000000  0.000000000000  0.366201196900  1.000000000000  0.000000000000  0.000000000000
  0.379315119600  0.428679055600  0.000000000000  1.000000000000  0.000000000000  0.323454079200  0.000000000000  1.000000000000  0.000000000000
  0.134813258600  0.059852078200  0.000000000000  0.000000000000  1.000000000000  0.130794250900  0.000000000000  0.000000000000  1.000000000000
3 2 2 2 2
  3.107000000000  1.000000000000  0.000000000000
  0.855000000000  0.000000000000  1.000000000000
2 0 0 1 1
  0.085940000000  1.000000000000
2 1 1 1 1
  0.065680000000  1.000000000000
# Cl [25s25p4d|5s5p2d]
# SOURCE: https://github.com/cp2k/cp2k/raw/786bc82ff9ded3e1f761cba6d8e25c3c9fe19bb1/data/GTH_BASIS_SETS#L1901
Cl  aug-QZV2P-GTH-q7 aug-QZV2P-GTH
4
3 0 1 6 4 4
  4.739069254000  0.046014554700  0.000000000000  0.000000000000  0.000000000000 -0.018428798400  0.000000000000  0.000000000000  0.000000000000
  2.566450616000 -0.357323765200  0.000000000000  0.000000000000  0.000000000000 -0.042888882300  0.000000000000  0.000000000000  0.000000000000
  1.116823957000  0.040481465000  0.000000000000  0.000000000000  0.000000000000  0.193339202600  0.000000000000  0.000000000000  0.000000000000
  0.500731836000  0.629084233900  1.000000000000  0.000000000000  0.000000000000  0.426296854400  1.000000000000  0.000000000000  0.000000000000
  0.209221793500  0.480499635000  0.000000000000  1.000000000000  0.000000000000  0.410739340000  0.000000000000  1.000000000000  0.000000000000
  0.081808045500  0.053256762800  0.000000000000  0.000000000000  1.000000000000  0.144401499900  0.000000000000  0.000000000000  1.000000000000
3 2 2 2 2
  1.046000000000  1.000000000000  0.000000000000
  0.344000000000  0.000000000000  1.000000000000
3 0 0 1 1
  0.051900000000  1.000000000000
3 1 1 1 1
  0.037600000000  1.000000000000

