#----------------------------------------------------------------------
# Basis Set Exchange
# Version v0.9.1
# https://www.basissetexchange.org
#----------------------------------------------------------------------
#   Basis set: def2-TZVP
# Description: def2-TZVP
#        Role: orbital
#     Version: 1  (Data from Turbomole 7.3)
#----------------------------------------------------------------------


# Hydrogen def2-TZVP (5s,1p) -> [3s,1p]
H def2-TZVP
    4
1 0 0 3 1
     34.0613410              0.60251978E-02
      5.1235746              0.45021094E-01
      1.1646626              0.20189726
1 0 0 1 1
      0.32723041             1.0000000
1 0 0 1 1
      0.10307241             1.0000000
1 1 1 1 1
      0.8000000              1.0000000

# Carbon def2-TZVP (11s,6p,2d,1f) -> [5s,3p,2d,1f]
C def2-TZVP
    11
1 0 0 6 1
  13575.3496820              0.22245814352E-03
   2035.2333680              0.17232738252E-02
    463.22562359             0.89255715314E-02
    131.20019598             0.35727984502E-01
     42.853015891            0.11076259931
     15.584185766            0.24295627626
1 0 0 2 1
      6.2067138508           0.41440263448
      2.5764896527           0.23744968655
1 0 0 1 1
      0.57696339419          1.0000000
1 0 0 1 1
      0.22972831358          1.0000000
1 0 0 1 1
      0.95164440028E-01      1.0000000
1 1 1 4 1
     34.697232244            0.53333657805E-02
      7.9582622826           0.35864109092E-01
      2.3780826883           0.14215873329
      0.81433208183          0.34270471845
1 1 1 1 1
      0.28887547253           .46445822433
1 1 1 1 1
      0.10056823671           .24955789874
1 2 2 1 1
      1.09700000             1.0000000
1 2 2 1 1
      0.31800000             1.0000000
1 3 3 1 1
      0.76100000             1.0000000

# Oxygen def2-TZVP (11s,6p,2d,1f) -> [5s,3p,2d,1f]
O def2-TZVP
    11
1 0 0 6 1
  27032.3826310              0.21726302465E-03
   4052.3871392              0.16838662199E-02
    922.32722710             0.87395616265E-02
    261.24070989             0.35239968808E-01
     85.354641351            0.11153519115
     31.035035245            0.25588953961
1 0 0 2 1
     12.260860728            0.39768730901
      4.9987076005           0.24627849430
1 0 0 1 1
      1.1703108158           1.0000000
1 0 0 1 1
      0.46474740994          1.0000000
1 0 0 1 1
      0.18504536357          1.0000000
1 1 1 4 1
     63.274954801            0.60685103418E-02
     14.627049379            0.41912575824E-01
      4.4501223456           0.16153841088
      1.5275799647           0.35706951311
1 1 1 1 1
      0.52935117943           .44794207502
1 1 1 1 1
      0.17478421270           .24446069663
1 2 2 1 1
      2.31400000             1.0000000
1 2 2 1 1
      0.64500000             1.0000000
1 3 3 1 1
      1.42800000             1.0000000

# Fluorine def2-TZVP (11s,6p,2d,1f) -> [5s,3p,2d,1f]
F def2-TZVP
    11
1 0 0 6 1
  35479.1004410              0.21545014888E-03
   5318.4728983              0.16700686527E-02
   1210.4810975              0.86733211476E-02
    342.85518140             0.35049933175E-01
    112.01943181             0.11165320133
     40.714740248            0.25988506647
1 0 0 2 1
     16.039678111            0.39422966880
      6.5038186740           0.24998238551
1 0 0 1 1
      1.5440477509           1.0000000
1 0 0 1 1
      0.61223452862          1.0000000
1 0 0 1 1
      0.24027979698          1.0000000
1 1 1 4 1
     80.233900483            0.63685999134E-02
     18.594010743            0.44303143530E-01
      5.6867902653           0.16867248708
      1.9511006294           0.36166346255
1 1 1 1 1
      0.66970211298           .44202901491
1 1 1 1 1
      0.21651300410           .24319875730
1 2 2 1 1
      3.10700000             1.0000000
1 2 2 1 1
      0.85500000             1.0000000
1 3 3 1 1
      1.91700000             1.0000000

# Sulfur def2-TZVP (14s,9p,3d,1f) -> [5s,5p,2d,1f]
S def2-TZVP
    13
1 0 0 7 1
  60700.9281040              0.54695944225E-03
   9102.6106854              0.42297224557E-02
   2071.4166009              0.21747824159E-01
    586.02476821             0.85100053589E-01
    190.55395021             0.24799128459
     67.630384260            0.46703640406
     25.127306905            0.36434587550
1 0 0 3 1
    112.57463010             0.21670040240E-01
     34.795554217            0.93602301760E-01
      6.5115556215          -0.26068001422
1 0 0 2 1
      3.2399032261           1.2842089435
      1.5477160881           0.66036416584
1 0 0 1 1
      0.40541030112          1.0000000
1 0 0 1 1
      0.14550651059          1.0000000
1 1 1 5 1
    564.36716027             0.24796796317E-02
    133.42624379             0.19677930250E-01
     42.468271189            0.89980008258E-01
     15.616527580            0.25705880575
      6.1093988469           0.43515167292
1 1 1 1 1
      2.4404160198            .34883240595
1 1 1 1 1
      0.83882201296          1.0000000
1 1 1 1 1
      0.31288746900          1.0000000
1 1 1 1 1
      0.10770109004          1.0000000
1 2 2 2 1
      3.75600000             0.20000000
      0.812000000            1.00000000
1 2 2 1 1
      0.273000000            1.0000000
1 3 3 1 1
      0.557000000            1.0000000

# Chlorine def2-TZVP (14s,9p,3d,1f) -> [5s,5p,2d,1f]
Cl def2-TZVP
    13
1 0 0 7 1
  69507.9909450              0.54314897497E-03
  10426.1568800              0.41990463961E-02
   2373.2334061              0.21592141679E-01
    671.56420071             0.84598850094E-01
    218.41999790             0.24757249724
     77.572249714            0.47016930228
     28.888815277            0.37436370716
1 0 0 3 1
    127.10527185             0.25182166603E-01
     39.339582961            0.10786112456
      7.6740679989          -0.27408821574
1 0 0 2 1
      3.8745627630           1.3213875014
      1.8385832573           0.68636955368
1 0 0 1 1
      0.50229057542          1.0000000
1 0 0 1 1
      0.17962723420          1.0000000
1 1 1 5 1
    666.50423284             0.23632663836E-02
    157.64241690             0.18879300374E-01
     50.262520978            0.87206341273E-01
     18.536078105            0.25285612970
      7.2940532777           0.43507154820
1 1 1 1 1
      2.9433248995            .35026513165
1 1 1 1 1
      1.0404970818           1.0000000
1 1 1 1 1
      0.38456415080          1.0000000
1 1 1 1 1
      0.13069642732          1.0000000
1 2 2 2 1
      4.61000000             0.20000000
      1.01100000             1.00000000
1 2 2 1 1
      0.339000000            1.0000000
1 3 3 1 1
      0.706000000            1.0000000

# Selenium def2-TZVP (17s,13p,8d,1f) -> [6s,5p,4d,1f]
Se def2-TZVP
    16
1 0 0 8 1
 531071.6669600              0.24108973168E-03
  79603.0441170              0.18696431441E-02
  18115.8442400              0.97271616536E-02
   5127.8923194              0.39604793031E-01
   1669.9130839              0.12948855136
    600.57534527             0.30959437289
    233.70021247             0.45115769216
     92.672443932            0.24579189033
1 0 0 4 1
    571.57513675            -0.26895707881E-01
    177.63686375            -0.12670989353
     29.517767052            0.57699001719
     12.824399795            0.56369075408
1 0 0 2 1
     19.848235841           -0.25132415534
      3.4744018486           0.72905416980
1 0 0 1 1
      1.5988910849           1.0000000
1 0 0 1 1
      0.38333469387          1.0000000
1 0 0 1 1
      0.14049742459          1.0000000
1 1 1 6 1
   2815.3500566              0.25569026854E-02
    666.92558298             0.20874026901E-01
    214.34213188             0.98772096250E-01
     80.246687942            0.28471821221
     32.251081288            0.45003584934
     13.106432562            0.24416091055
1 1 1 4 1
     53.366108516           -0.21558456273E-01
      8.1827777195           0.32662310638
      3.6239945672           0.57740499319
      1.6341591401           0.34301320826
1 1 1 1 1
      0.58418320228          1.0000000
1 1 1 1 1
      0.23966269279          1.0000000
1 1 1 1 1
      0.88785134803E-01      1.0000000
1 2 2 5 1
    151.82910279             0.93970276988E-02
     44.839992523            0.64086503991E-01
     16.328999510            0.21834238004
      6.4305057612           0.40314789649
      2.5048025169           0.41966491490
1 2 2 1 1
      0.90271148434           .18366663432
1 2 2 1 1
      0.47683613             1.0000000
1 2 2 1 1
      0.18535160             1.0000000
1 3 3 1 1
      0.48866905             1.0000000

# Bromine def2-TZVP (17s,13p,8d,1f) -> [6s,5p,4d,1f]
Br def2-TZVP
    16
1 0 0 8 1
 565073.2525600              0.23660314690E-03
  84701.7231790              0.18348332508E-02
  19276.2719000              0.95465849860E-02
   5456.4284576              0.38877142153E-01
   1776.9503500              0.12718314231
    639.19398276             0.30437662191
    248.78823961             0.44490940497
     98.678305494            0.24381643058
1 0 0 4 1
    606.07824568            -0.26527158709E-01
    188.45598484            -0.12484584809
     31.497144506            0.56468683559
     13.736008320            0.55555268564
1 0 0 2 1
     21.203212766           -0.24940920493
      3.7616420178           0.71213119743
1 0 0 1 1
      1.7735933962           1.0000000
1 0 0 1 1
      0.45197413664          1.0000000
1 0 0 1 1
      0.16613377099          1.0000000
1 1 1 6 1
   3019.6955723              0.24971049798E-02
    715.35481126             0.20419267596E-01
    229.98328751             0.96897148309E-01
     86.167844615            0.28053901252
     34.667870802            0.44606390473
     14.113870307            0.24410073923
1 1 1 4 1
     57.085653082           -0.21855950710E-01
      8.8193845840           0.32707075320
      3.9340302872           0.57855229520
      1.7998830384           0.33570987698
1 1 1 1 1
      0.66899410512          1.0000000
1 1 1 1 1
      0.27136238231          1.0000000
1 1 1 1 1
      0.10083790243          1.0000000
1 2 2 5 1
    168.85370257             0.89663981988E-02
     49.977949919            0.62062059316E-01
     18.274913338            0.21474732384
      7.2455694631           0.40335336746
      2.8562315025           0.42208813080
1 2 2 1 1
      1.0459621144            .17874813267
1 2 2 1 1
      0.56865655             1.0000000
1 2 2 1 1
      0.22031490             1.0000000
1 3 3 1 1
      0.57083312             1.0000000

# Iodine def2-TZVP (11s,10p,8d,2f) -> [6s,5p,3d,2f]
I def2-TZVP
    16
1 0 0 5 1
   5899.5791533              0.24188269271E-03
    898.54238765             0.15474041742E-02
    200.37237912             0.42836684457E-02
     31.418053840           -0.39417936275E-01
     15.645987838            0.96086691992
1 0 0 2 1
     11.815741857            0.75961524091
      6.4614458287           0.42495501835
1 0 0 1 1
      2.3838067579           1.0000000
1 0 0 1 1
      1.1712089662           1.0000000
1 0 0 1 1
      0.32115875757          1.0000000
1 0 0 1 1
      0.12387919364          1.0000000
1 1 1 3 1
    197.30030547             0.73951226905E-03
     20.061411349            0.66168450008E-01
      9.7631460485          -0.28554662348
1 1 1 4 1
     12.984316904           -0.49096186164E-01
      3.6199503008           0.38914432482
      2.0232273090           0.65610817262
      1.0367490559           0.31803551647
1 1 1 1 1
      0.45937816000          1.0000000
1 1 1 1 1
      0.19116532928          1.0000000
1 1 1 1 1
      0.74878813023E-01      1.0000000
1 2 2 6 1
    119.12671745             0.82596039573E-03
     33.404240134            0.68377675770E-02
     17.805918203           -0.10308158997E-01
      4.8990510353           0.22670457658
      2.4516753106           0.44180113937
      1.1820693432           0.36775472225
1 2 2 1 1
      0.52923110068          1.0000000
1 2 2 1 1
      0.17000000000          1.0000000
1 3 3 1 1
      2.1800000              1.0000000
1 3 3 1 1
      0.44141808             1.0000000



## Effective core potentials
def2-TZVP_ECP
I nelec 28
I ul
2     19.45860900           -21.84204000
2     19.34926000           -28.46819100
2      4.82376700            -0.24371300
2      4.88431500            -0.32080400
I S
2     40.01583500            49.99429300
2     17.42974700           281.02531700
2      9.00548400            61.57332600
2     19.45860900            21.84204000
2     19.34926000            28.46819100
2      4.82376700             0.24371300
2      4.88431500             0.32080400
I P
2     15.35546600            67.44284100
2     14.97183300           134.88113700
2      8.96016400            14.67505100
2      8.25909600            29.37566600
2     19.45860900            21.84204000
2     19.34926000            28.46819100
2      4.82376700             0.24371300
2      4.88431500             0.32080400
I D
2     15.06890800            35.43952900
2     14.55532200            53.17605700
2      6.71864700             9.06719500
2      6.45639300            13.20693700
2      1.19177900             0.08933500
2      1.29115700             0.05238000
2     19.45860900            21.84204000
2     19.34926000            28.46819100
2      4.82376700             0.24371300
2      4.88431500             0.32080400
END def2-TZVP_ECP


