# URL: https://cp2k-basis.pierrebeaujean.net/api/basis/TZVP-MOLOPT-GGA-GTH/data?elements=H,C,O,F,S,Cl,Se,Br,I
# BUILD: 22/02/2023 @ 10:31
# FETCHED: 05/12/2023 @ 15:52
# ---
# H [15s5p|3s1p]
# SOURCE: https://github.com/cp2k/cp2k/raw/786bc82ff9ded3e1f761cba6d8e25c3c9fe19bb1/data/BASIS_MOLOPT_UZH#L27
H  TZVP-MOLOPT-PBE-GTH-q1 TZVP-MOLOPT-GGA-GTH-q1
1
2 0 1 5 3 1
  9.586641744358  0.028188454243 -0.011916098826  0.134080139040 -0.104299547500
  2.202359864130  0.137112096750 -0.048501541876  0.044003865861  0.333755971437
  0.604094259906  0.421114159535 -0.107830568846 -0.893820315308  0.500163684961
  0.146497785045  0.825868105506 -0.330879704789  0.422646211608  0.775957173703
  0.139525796829  0.347865521314  0.936160668051  0.050414282314 -0.159547199117
# C [15s15p5d|3s3p1d]
# SOURCE: https://github.com/cp2k/cp2k/raw/786bc82ff9ded3e1f761cba6d8e25c3c9fe19bb1/data/BASIS_MOLOPT_UZH#L236
C  TZVP-MOLOPT-PBE-GTH-q4 TZVP-MOLOPT-GGA-GTH-q4
1
2 0 2 5 3 3 1
  5.599010148389 -0.183155884315  0.271865072691 -0.811364675780 -0.100123645516  0.068244768723  0.065691576062 -0.173822854586
  2.008517065765 -0.226760185785  0.169561479343 -0.177568284361 -0.297554402435  0.224325818590  0.667176955837  0.377132855011
  0.755556902398  0.542190226433 -0.127427898476  0.182912537382 -0.637108775555  0.250865801382  0.262214609321  0.386633624919
  0.292157746786  0.767230367969 -0.015197027492 -0.442268380739 -0.651044286484  0.027518990556 -0.660009085173  0.821960762038
  0.105327964260  0.180058493303  0.938546465562  0.284778072105 -0.267713239022 -0.938791581508  0.214920991488 -0.049511318364
# O [15s15p5d|3s3p1d]
# SOURCE: https://github.com/cp2k/cp2k/raw/786bc82ff9ded3e1f761cba6d8e25c3c9fe19bb1/data/BASIS_MOLOPT_UZH#L298
O  TZVP-MOLOPT-PBE-GTH-q6 TZVP-MOLOPT-GGA-GTH-q6
1
2 0 2 5 3 3 1
 10.277042424065 -0.149868256025  0.048759688626 -0.553669874920 -0.092477972588  0.069652198011  0.120727677711 -0.067753697289
  3.564052538806 -0.150283608565  0.038882119766 -0.192378825214 -0.290527105694  0.215775427853  0.418617946995  0.182303508691
  1.313635632268  0.539068797290 -0.125699044360  0.591746387587 -0.518398147192  0.367414070471  0.518264995222  0.334682703086
  0.488903246714  0.802346121883 -0.075751253852 -0.549213059041 -0.626250099252  0.267796450585 -0.727741038772  0.910370319697
  0.155331533694  0.143526566604  0.987204219660  0.068126982700 -0.496100795824 -0.861325430904  0.109445043302 -0.146247176017
# F [15s15p5d|3s3p1d]
# SOURCE: https://github.com/cp2k/cp2k/raw/786bc82ff9ded3e1f761cba6d8e25c3c9fe19bb1/data/BASIS_MOLOPT_UZH#L329
F  TZVP-MOLOPT-PBE-GTH-q7 TZVP-MOLOPT-GGA-GTH-q7
1
2 0 2 5 3 3 1
 13.230127924257  0.141095120429 -0.008827757746 -0.126466524079 -0.100288729732  0.041981235360  0.652126810832  0.041671128472
  4.658957574368  0.143335048965 -0.022826504391 -0.345841870112 -0.316315651405  0.115887868146  0.061195953168  0.055681162214
  1.661070553970 -0.545747867506 -0.022155219012 -0.807858667683 -0.580372817136  0.225423260614  0.494008052273  0.310705925850
  0.582845035459 -0.813241514395  0.032119744736  0.458287380225 -0.655459714578  0.239845543847 -0.571712534263  0.938895400609
  0.184059407151 -0.018567043532 -0.998938681631  0.041673364894 -0.351321128114 -0.936197653578  0.009300557267 -0.130768419670
# S [12s12p4d|3s3p1d]
# SOURCE: https://github.com/cp2k/cp2k/raw/786bc82ff9ded3e1f761cba6d8e25c3c9fe19bb1/data/BASIS_MOLOPT_UZH#L569
S  TZVP-MOLOPT-PBE-GTH-q6 TZVP-MOLOPT-GGA-GTH-q6
1
2 0 2 4 3 3 1
  1.909284730043  0.315669989593 -0.165456324788  0.310548000190  0.212914054759  0.155419933936 -0.711939992762  0.076980106864
  1.195069245903 -0.061885955362 -0.093867316141 -0.935734177879 -0.346018377110 -0.207811881091  0.531802271667  0.374453729278
  0.372556504596 -0.761235407878  0.543670742015  0.115196623984 -0.819216679563 -0.321721314228 -0.450938487461  0.899702285349
  0.119645588713 -0.563065928637 -0.817456577333  0.121207366732 -0.404750441524  0.910579080687  0.083559984934  0.210699467287
# Cl [12s12p4d|3s3p1d]
# SOURCE: https://github.com/cp2k/cp2k/raw/786bc82ff9ded3e1f761cba6d8e25c3c9fe19bb1/data/BASIS_MOLOPT_UZH#L597
Cl  TZVP-MOLOPT-PBE-GTH-q7 TZVP-MOLOPT-GGA-GTH-q7
1
2 0 2 4 3 3 1
  1.998248119437  0.433846894942  0.307041170623  0.017595758552  0.345339975324  0.179965250304 -0.372667358036  0.090563514175
  1.503630821199 -0.338194302379 -0.038999766075 -0.917322433894 -0.497369383451 -0.201781984518 -0.834831128966  0.285556761651
  0.406508845506 -0.513548002397 -0.629188376956  0.325113335470 -0.670835040884 -0.334082727506  0.403493031418  0.941536415238
  0.128537991102 -0.658536206158  0.712970352885  0.229153356194 -0.428187278851  0.902931487206  0.037005404472  0.154158245180
# Se [12s12p4d|3s3p1d]
# SOURCE: https://github.com/cp2k/cp2k/raw/786bc82ff9ded3e1f761cba6d8e25c3c9fe19bb1/data/BASIS_MOLOPT_UZH#L1155
Se  TZVP-MOLOPT-PBE-GTH-q6 TZVP-MOLOPT-GGA-GTH-q6
1
2 0 2 4 3 3 1
  1.243061598689  0.551262405175  0.401916608550 -0.328641535113  0.155899541976  0.599761032385  0.199583844332  0.358839416522
  1.079560225439 -0.507123868215 -0.237382294316 -0.811815953952 -0.189280895547 -0.641218086919 -0.372672316772 -0.509467119331
  0.277731014404 -0.310399478497 -0.392637209541  0.458522802224 -0.289752220645 -0.338630412457  0.890353537291 -0.772511118961
  0.091126976634 -0.585309581911  0.792432147128  0.150686555964 -0.925154974058  0.338312744070 -0.168973998078 -0.122082343327
# Br [12s12p4d|3s3p1d]
# SOURCE: https://github.com/cp2k/cp2k/raw/786bc82ff9ded3e1f761cba6d8e25c3c9fe19bb1/data/BASIS_MOLOPT_UZH#L1183
Br  TZVP-MOLOPT-PBE-GTH-q7 TZVP-MOLOPT-GGA-GTH-q7
1
2 0 2 4 3 3 1
  1.476887211795  0.369728887511  0.528359574060  0.141487002583  0.308203233683  0.515771100984 -0.798344409434  0.372164163957
  1.265247717943 -0.393278172178 -0.264650568187 -0.714628848350 -0.336529199228 -0.549308306497 -0.513527316171 -0.532196299574
  0.340288434754 -0.181432274597 -0.630385496358  0.631199413615 -0.349524919108 -0.337381522704 -0.311509821414 -0.754945361815
  0.109057269454 -0.822018952800  0.503398811321  0.266222345902 -0.818285522135  0.564282078345  0.043560654661 -0.091205451921
# I [12s12p4d|3s3p1d]
# SOURCE: https://github.com/cp2k/cp2k/raw/786bc82ff9ded3e1f761cba6d8e25c3c9fe19bb1/data/BASIS_MOLOPT_UZH#L1769
I  TZVP-MOLOPT-PBE-GTH-q7 TZVP-MOLOPT-GGA-GTH-q7
1
2 0 2 4 3 3 1
  0.867219595993 -0.149128577250 -0.708321410300 -0.146222658333  0.003300308959 -0.705577074940 -0.023304087322  0.644362108627
  0.803451945051  0.282954540932  0.584321291204 -0.507767618484  0.039873969887  0.707827010189 -0.053733222911 -0.693643687236
  0.237256552654 -0.166524504962  0.319968671908  0.803523622812  0.911638304999 -0.032522467447 -0.406638735304 -0.316569673259
  0.086758479272  0.932720206954 -0.233386926269  0.274118163193  0.409041288068  0.009176277943  0.911709712145 -0.058647677678

