

#----------------------------------------------------------------------
# Basis Set Exchange
# Version v0.9.1
# https://www.basissetexchange.org
#----------------------------------------------------------------------
#   Basis set: TZP-ZORA
# Description: TZP-ZORA, all-electron triple-zeta basis for
#                    calculations with the ZORA approach
#        Role: orbital
#     Version: 1  (Data from supporting information)
#----------------------------------------------------------------------


# Hydrogen TZP-ZORA (5s,2p,1d) -> [3s,2p,1d]
H TZP-ZORA
    6
1 0 0 3 1
     34.87758369             0.0233363
      5.23397281             0.1708651
      1.18503342             0.8057984
1 0 0 1 1
      0.32833943             1.0000000
1 0 0 1 1
      0.11031918             1.0000000
1 1 1 1 1
      0.71884400             1.0000000
1 1 1 1 1
      0.35000000             1.0000000
1 2 2 1 1
      1.07506000             1.0000000

# Carbon TZP-ZORA (10s,6p,2d,1f) -> [5s,3p,2d,1f]
C TZP-ZORA
    11
1 0 0 5 1
   7615.0599911              0.0016826
   1145.08684615             0.0127279
    261.91952431             0.0640742
     74.66834196             0.2435935
     24.40551202             0.6779216
1 0 0 2 1
      8.68679013             0.5657737
      3.23657623             0.4342262
1 0 0 1 1
      1.30179999             1.0000000
1 0 0 1 1
      0.52768873             1.0000000
1 0 0 1 1
      0.15694534             1.0000000
1 1 1 4 1
     34.50767936             0.0105661
      7.91304441             0.0698753
      2.36615458             0.2820470
      0.81172425             0.6375114
1 1 1 1 1
      0.31228882             1.0000000
1 1 1 1 1
      0.11400266             1.0000000
1 2 2 1 1
      1.15404900             1.0000000
1 2 2 1 1
      0.35112860             1.0000000
1 3 3 1 1
      0.81931200             1.0000000

# Oxygen TZP-ZORA (10s,6p,2d,1f) -> [5s,3p,2d,1f]
O TZP-ZORA
    11
1 0 0 5 1
  12870.84508387             0.0017913
   1952.24777235             0.0130879
    454.02969464             0.0645697
    130.28372806             0.2437701
     42.7927326              0.6767806
1 0 0 2 1
     15.44629006             0.5665118
      5.87766148             0.4334881
1 0 0 1 1
      1.53426392             1.0000000
1 0 0 1 1
      0.81600697             1.0000000
1 0 0 1 1
      0.26011080             1.0000000
1 1 1 4 1
     63.35247031             0.0109155
     14.66997581             0.0742583
      4.46631945             0.2892347
      1.53127988             0.6255913
1 1 1 1 1
      0.54400530             1.0000000
1 1 1 1 1
      0.17998470             1.0000000
1 2 2 1 1
      2.39016000             1.0000000
1 2 2 1 1
      0.68183300             1.0000000
1 3 3 1 1
      1.51094800             1.0000000

# Fluorine TZP-ZORA (10s,6p,2d,1f) -> [5s,3p,2d,1f]
F TZP-ZORA
    11
1 0 0 5 1
  16736.04332217             0.0017571
   2517.47266937             0.0129950
    575.9521789              0.0651497
    164.57735695             0.2447283
     54.27385737             0.6753696
1 0 0 2 1
     19.67931067             0.5671864
      7.49543072             0.4328135
1 0 0 1 1
      1.88568025             1.0000000
1 0 0 1 1
      0.97986789             1.0000000
1 0 0 1 1
      0.32385317             1.0000000
1 1 1 4 1
     80.49602312             0.0111192
     18.6539934              0.0764304
      5.70273743             0.2930463
      1.95547755             0.6194039
1 1 1 1 1
      0.68295355             1.0000000
1 1 1 1 1
      0.22044626             1.0000000
1 2 2 1 1
      3.18146999             1.0000000
1 2 2 1 1
      0.89032420             1.0000000
1 3 3 1 1
      1.99355999             1.0000000

# Sulfur TZP-ZORA (13s,10p,2d,1f) -> [8s,5p,2d,1f]
S TZP-ZORA
    16
1 0 0 5 1
 131334.98114592             0.0019760
  20181.90041917             0.0124750
   4835.70463137             0.0565088
   1439.7381539              0.2150706
    476.15426264             0.7139693
1 0 0 1 1
    168.68252004             1.0000000
1 0 0 1 1
     62.92253974             1.0000000
1 0 0 1 1
     24.33329987             1.0000000
1 0 0 1 1
      6.86573753             1.0000000
1 0 0 2 1
      3.37495581            -0.6422618
      1.51749916            -0.3577381
1 0 0 1 1
      0.44651463             1.0000000
1 0 0 1 1
      0.16174242             1.0000000
1 1 1 6 1
    754.1523594              0.0015741
    193.63344693             0.0106643
     64.14106193             0.0508483
     23.75714449             0.1691727
      9.45234322             0.3531510
      3.93996824             0.4145894
1 1 1 1 1
      1.72080555             1.0000000
1 1 1 1 1
      0.77076298             1.0000000
1 1 1 1 1
      0.28737379             1.0000000
1 1 1 1 1
      0.10113230             1.0000000
1 2 2 1 1
      0.78133700             1.0000000
1 2 2 1 1
      0.26483900             1.0000000
1 3 3 1 1
      0.58379000             1.0000000

# Chlorine TZP-ZORA (13s,10p,2d,1f) -> [8s,5p,2d,1f]
Cl TZP-ZORA
    16
1 0 0 5 1
 181678.82698244             0.0017359
  27435.27709666             0.0110125
   6322.37997866             0.0527226
   1795.44303926             0.2122043
    575.0790025              0.7223243
1 0 0 1 1
    201.17812871             1.0000000
1 0 0 1 1
     74.61037542             1.0000000
1 0 0 1 1
     28.63265512             1.0000000
1 0 0 1 1
      8.23556833             1.0000000
1 0 0 2 1
      4.08968894            -0.6331744
      1.84597271            -0.3668255
1 0 0 1 1
      0.54888997             1.0000000
1 0 0 1 1
      0.19788882             1.0000000
1 1 1 6 1
    859.87676601             0.0015987
    218.96050941             0.0109319
     72.36853323             0.0520535
     26.91710141             0.1714333
     10.77497489             0.3553284
      4.5232396              0.4086539
1 1 1 1 1
      1.98716730             1.0000000
1 1 1 1 1
      0.90649824             1.0000000
1 1 1 1 1
      0.33862386             1.0000000
1 1 1 1 1
      0.11925000             1.0000000
1 2 2 1 1
      0.97515420             1.0000000
1 2 2 1 1
      0.32573949             1.0000000
1 3 3 1 1
      0.72996999             1.0000000

# Selenium TZP-ZORA (16s,13p,6d,2f,1g) -> [9s,6p,3d,2f,1g]
Se TZP-ZORA
    21
1 0 0 7 1
1685431.27012521             0.0006021
 266562.34630843             0.0024185
  65582.07818753             0.0085027
  20465.14624585             0.0261904
   7323.16994588             0.0775687
   2704.24392067             0.2361626
    993.08738388             0.6485548
1 0 0 1 1
    373.11567865             1.0000000
1 0 0 1 1
    145.63559041             1.0000000
1 0 0 1 1
     51.37631704            -1.0000000
1 0 0 2 1
     24.55339156             0.6295422
     11.22750778             0.3704577
1 0 0 1 1
      3.89979257             1.0000000
1 0 0 1 1
      1.66659814             1.0000000
1 0 0 1 1
      0.37133202            -1.0000000
1 0 0 1 1
      0.13749933            -1.0000000
1 1 1 7 1
   8846.6360627              0.0006099
   2264.47556538             0.0031036
    806.31901855             0.0134487
    313.10698513             0.0544747
    124.80120211             0.1776682
     51.74110702             0.3717433
     22.35933682             0.3789513
1 1 1 1 1
      9.54625228            -1.0000000
1 1 1 2 1
      4.22415016            -0.5914851
      1.8305453             -0.4085148
1 1 1 1 1
      0.65874681            -1.0000000
1 1 1 1 1
      0.25855726             1.0000000
1 1 1 1 1
      0.09165027             1.0000000
1 2 2 4 1
    152.15432734             0.0137766
     44.42146636             0.0934772
     15.98963157             0.3175848
      6.24229525             0.5751613
1 2 2 1 1
      2.42536692             1.0000000
1 2 2 1 1
      0.87698775             1.0000000
1 3 3 1 1
      9.93558771             1.0000000
1 3 3 1 1
      2.77256768             1.0000000
1 4 4 1 1
      7.47528684             1.0000000

# Bromine TZP-ZORA (16s,13p,6d,2f,1g) -> [9s,6p,3d,2f,1g]
Br TZP-ZORA
    21
1 0 0 7 1
1891721.28453019             0.0006295
 299876.69022932             0.0024728
  73577.47723328             0.0086323
  22821.38425143             0.0264302
   8196.66148892             0.0767445
   3042.20569848             0.2337423
   1114.04711267             0.6513481
1 0 0 1 1
    416.79690877             1.0000000
1 0 0 1 1
    162.83699705             1.0000000
1 0 0 1 1
     60.95282138            -1.0000000
1 0 0 2 1
     27.88308617            -0.6010700
     12.56697986            -0.3989299
1 0 0 1 1
      4.29335357            -1.0000000
1 0 0 1 1
      1.86285469             1.0000000
1 0 0 1 1
      0.43306174            -1.0000000
1 0 0 1 1
      0.16128870            -1.0000000
1 1 1 7 1
   9319.75302208             0.0006371
   2376.91773965             0.0032191
    850.05093709             0.0136476
    333.27682069             0.0543759
    133.67709985             0.1767333
     55.61145698             0.3710092
     24.09110501             0.3803775
1 1 1 1 1
     10.32325402            -1.0000000
1 1 1 2 1
      4.59144998            -0.5955675
      2.01522298            -0.4044324
1 1 1 1 1
      0.74175022            -1.0000000
1 1 1 1 1
      0.29419421             1.0000000
1 1 1 1 1
      0.10541093             1.0000000
1 2 2 4 1
    168.94701922             0.0133303
     49.42559982             0.0915412
     17.8625704              0.3153370
      7.02094166             0.5797913
1 2 2 1 1
      2.76152556             1.0000000
1 2 2 1 1
      1.01460000             1.0000000
1 3 3 1 1
     10.92125998             1.0000000
1 3 3 1 1
      3.08395990             1.0000000
1 4 4 1 1
      8.36545878             1.0000000

# Tellurium TZP-ZORA (20s,16p,9d,2f,1g) -> [9s,7p,4d,2f,1g]
Te TZP-ZORA
    23
1 0 0 8 1
4650601.62944046            -0.0008950
 732410.37796376            -0.0028450
 183587.78336399            -0.0082275
  60119.30754396            -0.0190329
  23190.68448638            -0.0479718
   9737.01632783            -0.1051371
   4166.07002735            -0.2599039
   1748.29117439            -0.5559865
1 0 0 2 1
    729.63641733            -0.5723899
    307.46500803            -0.4276100
1 0 0 1 1
    110.73724148            -1.0000000
1 0 0 2 1
     55.97521174            -0.6988560
     27.54602392            -0.3011439
1 0 0 2 1
     11.33873168            -0.6840669
      5.70208693            -0.3159330
1 0 0 2 1
      2.22186025             0.6965535
      1.0266713              0.3034464
1 0 0 1 1
      0.27246346            -1.0000000
1 0 0 1 1
      0.10489073            -1.0000000
1 0 0 1 1
      0.05244536             1.0000000
1 1 1 7 1
   8289.94492999             0.0027612
   4521.61764712             0.0028648
   1585.75140286             0.0231984
    654.35415772             0.0664649
    283.7621631              0.1937992
    125.50601977             0.3654217
     56.92437628             0.3454894
1 1 1 1 1
     25.23465437            -1.0000000
1 1 1 2 1
     11.96243933            -0.7049874
      5.74608357            -0.2950125
1 1 1 3 1
      2.71079969             0.6423339
      1.23555585             0.2926560
      0.47667416             0.0650099
1 1 1 1 1
      0.19817871             1.0000000
1 1 1 1 1
      0.07356233             1.0000000
1 1 1 1 1
      0.03678116             1.0000000
1 2 2 6 1
    519.00405018             0.0069996
    155.37108353             0.0496042
     58.31953191             0.1828086
     24.1103958              0.3624166
     10.36130878             0.3320944
      4.22870886             0.0660763
1 2 2 1 1
      1.72518271             1.0000000
1 2 2 1 1
      0.63881217             1.0000000
1 2 2 1 1
      0.31940608             1.0000000
1 3 3 1 1
      3.53015000             1.0000000
1 3 3 1 1
      1.15499500             1.0000000
1 4 4 1 1
      2.75355000             1.0000000

# Iodine TZP-ZORA (20s,16p,9d,2f,1g) -> [9s,7p,4d,2f,1g]
I TZP-ZORA
    23
1 0 0 8 1
5464702.08060097             0.0008292
 849942.52168504             0.0027056
 207458.86762606             0.0076508
  64929.86485391             0.0200226
  23909.80880875             0.0482096
   9850.71275593             0.1101831
   4222.34623514             0.2578612
   1781.76403452             0.5525375
1 0 0 2 1
    749.21394356            -0.5747136
    318.75246448            -0.4252863
1 0 0 1 1
    118.02205930            -1.0000000
1 0 0 2 1
     59.88344918            -0.6798287
     29.50227605            -0.3201712
1 0 0 2 1
     12.24593624            -0.6494900
      6.20345391            -0.3505099
1 0 0 2 1
      2.43764323             0.6639141
      1.14985168             0.3360858
1 0 0 1 1
      0.30638210            -1.0000000
1 0 0 1 1
      0.11926836            -1.0000000
1 0 0 1 1
      0.05963418             1.0000000
1 1 1 7 1
  20182.20166081             0.0011652
   4999.21100888             0.0052498
   1768.53795847             0.0195645
    734.7752808              0.0630356
    317.5116541              0.1820546
    139.60118455             0.3643163
     63.12833732             0.3646138
1 1 1 1 1
     28.34086632             1.0000000
1 1 1 2 1
     13.45203045            -0.6755424
      6.52579989            -0.3244575
1 1 1 3 1
      3.02467901             0.6139521
      1.38040546             0.3312165
      0.52669045             0.0548312
1 1 1 1 1
      0.22217820             1.0000000
1 1 1 1 1
      0.08328104             1.0000000
1 1 1 1 1
      0.04164052             1.0000000
1 2 2 6 1
    565.9883795              0.0065390
    168.69681731             0.0472397
     63.14306896             0.1777506
     26.1030685              0.3601408
     11.24530421             0.3381532
      4.6390732              0.0701764
1 2 2 1 1
      1.91572411             1.0000000
1 2 2 1 1
      0.72024616             1.0000000
1 2 2 1 1
      0.36012308             1.0000000
1 3 3 1 1
      3.85297909             1.0000000
1 3 3 1 1
      1.26586019             1.0000000
1 4 4 1 1
      2.97888999             1.0000000
