$coord  natoms=    11
    0.00000000000000      0.00000000000000     -5.41280082545243      s
    0.00000000000000      0.00000000000000     -2.27610233381083      c
    2.28239910074199      0.00000000000000     -0.77097741252208      c
   -2.28239910074199      0.00000000000000     -0.77097741252208      c
    2.19281769494835      0.00000000000000      1.76800158509529      c
   -2.19281769494835      0.00000000000000      1.76800158509529      c
    0.00000000000000      0.00000000000000      3.10029624181311      o
    4.09779132345242      0.00000000000000     -1.70846636433987      h
   -4.09779132345242      0.00000000000000     -1.70846636433987      h
    3.81569057308530      0.00000000000000      3.00574565049172      h
   -3.81569057308530      0.00000000000000      3.00574565049172      h
$redundant
     number_of_atoms            11
     degrees_of_freedom         10
     internal_coordinates       10
     frozen_coordinates          0
# definitions of redundant internals
   1 k  1.0000000000000 stre    2    1           val=   3.13670
   2 k  1.0000000000000 stre    5   10           val=   2.04101
   3 k  1.0000000000000 stre    3    5           val=   2.54056
   4 k  1.0000000000000 stre    3    8           val=   2.04317
   5 k -1.0000000000000 bend    2    5    3      val=  -0.06694
        1.0000000000000 bend    3    7    5
       -1.0000000000000 bend    5    6    7
        1.0000000000000 bend    7    4    6
       -1.0000000000000 bend    6    2    4
        1.0000000000000 bend    4    3    2
   6 k  1.0000000000000 stre    4    2           val=   2.73400
   7 k  0.7071067811865 bend    3   10    5      val=   6.96279
       -0.7071067811865 bend    7   10    5
   8 k  0.7071067811865 bend    5    8    3      val=   0.02409
       -0.7071067811865 bend    2    8    3
   9 k  1.0000000000000 stre    7    6           val=   2.56583
  10 k -0.5000000000000 bend    2    5    3      val=  -3.51337
       -0.5000000000000 bend    3    7    5
        1.0000000000000 bend    5    6    7
       -0.5000000000000 bend    7    4    6
       -0.5000000000000 bend    6    2    4
        1.0000000000000 bend    4    3    2
        10 non zero eigenvalues  of BmBt
           1           4.294841059    1    0
         1
           2           3.461358874    2    0
         2
           3           3.054471718    3    0
         3
           4           2.370575505    4    0
         4
           5           1.721990034    5    0
         5
           6           0.809228000    6    0
         6
           7           0.429293962    7    0
         7
           8           0.364496671    8    0
         8
           9           0.317767663    9    0
         9
          10           0.267673150   10    0
        10
$user-defined bonds
$end
