# Excitation spectrum ; written at 2023-10-16 14:25:07
#     Exc.     energy (Eh)   energy (eV)   energy (cm-1)   energy (nm)     Osc.(vel)      Osc.(len) 
       1 a1       0.083220       2.26453       18264.654       547.506     1.57765986     0.78310997
       2 a1       0.181374       4.93543       39806.894       251.213     0.55824726     0.34449738
       3 a1       0.207587       5.64872       45560.038       219.491     0.00156263     0.00026927
       4 a1       0.258875       7.04436       56816.564       176.005     0.05486713     0.04580743
       5 a1       0.269934       7.34528       59243.672       168.794     0.01100380     0.01139410
       6 a1       0.296435       8.06640       65059.894       153.705     0.08386168     0.07910477
       7 a1       0.336596       9.15924       73874.252       135.365     0.70667913     0.60171385
       8 a1       0.342004       9.30642       75061.310       133.224     0.05448153     0.03858569
       9 a1       0.353952       9.63153       77683.532       128.727     0.52614676     0.42775576
      10 a1       0.380732      10.36026       83561.105       119.673     0.35764041     0.29291824
       1 a2       0.074013       2.01400       16243.990       615.612     0.00000000     0.00000000
       2 a2       0.255170       6.94352       56003.258       178.561     0.00000000     0.00000000
       3 a2       0.260666       7.09309       57209.591       174.796     0.00000000     0.00000000
       4 a2       0.271327       7.38319       59549.463       167.928     0.00000000     0.00000000
       5 a2       0.273495       7.44219       60025.293       166.596     0.00000000     0.00000000
       6 a2       0.312726       8.50970       68635.383       145.697     0.00000000     0.00000000
       7 a2       0.316259       8.60583       69410.728       144.070     0.00000000     0.00000000
       8 a2       0.327214       8.90395       71815.171       139.246     0.00000000     0.00000000
       9 a2       0.329718       8.97208       72364.737       138.189     0.00000000     0.00000000
      10 a2       0.346949       9.44095       76146.406       131.326     0.00000000     0.00000000
       1 b1       0.136939       3.72630       30054.614       332.728     0.00279517     0.00248518
       2 b1       0.175860       4.78540       38596.868       259.088     0.24419177     0.22879124
       3 b1       0.213432       5.80777       46842.828       213.480     0.08160618     0.06586174
       4 b1       0.257710       7.01264       56560.767       176.801     0.00188777     0.00074577
       5 b1       0.263532       7.17107       57838.574       172.895     0.45177918     0.41375274
       6 b1       0.270791       7.36859       59431.682       168.260     0.01914487     0.02163206
       7 b1       0.280986       7.64602       61669.321       162.155     0.20301170     0.18725983
       8 b1       0.319315       8.68901       70081.586       142.691     0.00003262     0.00032209
       9 b1       0.329308       8.96094       72274.824       138.361     0.00097793     0.00157349
      10 b1       0.333506       9.07515       73196.019       136.619     0.07306606     0.07273204
       1 b2       0.143086       3.89358       31403.829       318.433     0.00000079     0.00026127
       2 b2       0.210390       5.72500       46175.200       216.566     0.07834708     0.04776593
       3 b2       0.238364       6.48621       52314.826       191.150     0.00645956     0.00294310
       4 b2       0.267815       7.28761       58778.554       170.130     0.00868817     0.00598575
       5 b2       0.273354       7.43833       59994.202       166.683     0.01499837     0.01130478
       6 b2       0.290806       7.91324       63824.545       156.680     0.06099818     0.05705449
       7 b2       0.295867       8.05095       64935.264       154.000     0.01212812     0.00753750
       8 b2       0.300720       8.18301       66000.413       151.514     0.00448204     0.00495568
       9 b2       0.328630       8.94247       72125.872       138.647     0.02942804     0.02531539
      10 b2       0.340344       9.26122       74696.812       133.875     0.00395106     0.00553085
