# Electronic transition moments of , IRREP a1  electric dipole (length) / electric dipole (velocity) / magnetic dipole
 0.00000000000000E+00   0.00000000000000E+00   0.53325969499736E+01   0.00000000000000E+00   0.00000000000000E+00   0.37570194988520E+01   0.00000000000000E+00   0.00000000000000E+00   0.00000000000000E+00
 0.15718431552005E+01   -.69166784105275E+00   -.15098632506977E+02   0.00000000000000E+00   0.00000000000000E+00   0.00000000000000E+00
 0.00000000000000E+00   0.00000000000000E+00   -.21486810194467E+01   0.00000000000000E+00   0.00000000000000E+00   -.16879190179019E+01   0.00000000000000E+00   0.00000000000000E+00   0.00000000000000E+00
 0.43674074595800E+00   -.13477680669036E+00   -.69415401134906E+01   0.00000000000000E+00   0.00000000000000E+00   0.00000000000000E+00
 0.00000000000000E+00   0.00000000000000E+00   0.10626084316302E+00   0.00000000000000E+00   0.00000000000000E+00   -.44110111127587E-01   0.00000000000000E+00   0.00000000000000E+00   0.00000000000000E+00
 -.11773688991865E+01   -.18527118376110E+00   -.54416856766562E+01   0.00000000000000E+00   0.00000000000000E+00   0.00000000000000E+00
 0.00000000000000E+00   0.00000000000000E+00   -.56384073138528E+00   0.00000000000000E+00   0.00000000000000E+00   -.51519102128900E+00   0.00000000000000E+00   0.00000000000000E+00   0.00000000000000E+00
 0.96651874975140E+00   0.21418530536006E+00   0.17129549210953E+01   0.00000000000000E+00   0.00000000000000E+00   0.00000000000000E+00
 0.00000000000000E+00   0.00000000000000E+00   -.24727950090931E+00   0.00000000000000E+00   0.00000000000000E+00   -.25162677436118E+00   0.00000000000000E+00   0.00000000000000E+00   0.00000000000000E+00
 -.12964244575373E+01   0.35062685630517E+00   0.58343095034007E+01   0.00000000000000E+00   0.00000000000000E+00   0.00000000000000E+00
 0.00000000000000E+00   0.00000000000000E+00   0.65142271561484E+00   0.00000000000000E+00   0.00000000000000E+00   0.63267761240958E+00   0.00000000000000E+00   0.00000000000000E+00   0.00000000000000E+00
 0.33334381541947E+01   0.41653830987531E+00   -.27248428547828E+01   0.00000000000000E+00   0.00000000000000E+00   0.00000000000000E+00
 0.00000000000000E+00   0.00000000000000E+00   -.17746077717144E+01   0.00000000000000E+00   0.00000000000000E+00   -.16375186248032E+01   0.00000000000000E+00   0.00000000000000E+00   0.00000000000000E+00
 0.10674492146030E+01   0.49638025149730E+00   0.13785264003273E+02   0.00000000000000E+00   0.00000000000000E+00   0.00000000000000E+00
 0.00000000000000E+00   0.00000000000000E+00   0.48882610558884E+00   0.00000000000000E+00   0.00000000000000E+00   0.41137967701073E+00   0.00000000000000E+00   0.00000000000000E+00   0.00000000000000E+00
 -.27911270802383E+01   -.62411098853192E+00   0.11315751261503E+01   0.00000000000000E+00   0.00000000000000E+00   0.00000000000000E+00
 0.00000000000000E+00   0.00000000000000E+00   0.14932301923056E+01   0.00000000000000E+00   0.00000000000000E+00   0.13463911327847E+01   0.00000000000000E+00   0.00000000000000E+00   0.00000000000000E+00
 0.38973791649577E+01   0.19322034043560E+00   -.12332473069017E+02   0.00000000000000E+00   0.00000000000000E+00   0.00000000000000E+00
 0.00000000000000E+00   0.00000000000000E+00   -.11870226219126E+01   0.00000000000000E+00   0.00000000000000E+00   -.10742587810045E+01   0.00000000000000E+00   0.00000000000000E+00   0.00000000000000E+00
 0.19241806562725E+01   0.29125921640861E+00   0.12364206579753E+02   0.00000000000000E+00   0.00000000000000E+00   0.00000000000000E+00
# Electronic transition moments of , IRREP a2  electric dipole (length) / electric dipole (velocity) / magnetic dipole
 0.00000000000000E+00   0.00000000000000E+00   0.00000000000000E+00   0.00000000000000E+00   0.00000000000000E+00   0.00000000000000E+00   0.00000000000000E+00   0.00000000000000E+00   0.30849827137342E-02
 0.00000000000000E+00   0.00000000000000E+00   0.00000000000000E+00   0.87663731990486E+00   0.00000000000000E+00   0.00000000000000E+00
 0.00000000000000E+00   0.00000000000000E+00   0.00000000000000E+00   0.00000000000000E+00   0.00000000000000E+00   0.00000000000000E+00   0.00000000000000E+00   0.00000000000000E+00   0.12475547364207E-02
 0.00000000000000E+00   0.00000000000000E+00   0.00000000000000E+00   0.43339605149646E+00   0.00000000000000E+00   0.00000000000000E+00
 0.00000000000000E+00   0.00000000000000E+00   0.00000000000000E+00   0.00000000000000E+00   0.00000000000000E+00   0.00000000000000E+00   0.00000000000000E+00   0.00000000000000E+00   0.55960049069910E-04
 0.00000000000000E+00   0.00000000000000E+00   0.00000000000000E+00   -.11617258023581E+00   0.00000000000000E+00   0.00000000000000E+00
 0.00000000000000E+00   0.00000000000000E+00   0.00000000000000E+00   0.00000000000000E+00   0.00000000000000E+00   0.00000000000000E+00   0.00000000000000E+00   0.00000000000000E+00   -.81465879427442E-03
 0.00000000000000E+00   0.00000000000000E+00   0.00000000000000E+00   -.53351819347395E+00   0.00000000000000E+00   0.00000000000000E+00
 0.00000000000000E+00   0.00000000000000E+00   0.00000000000000E+00   0.00000000000000E+00   0.00000000000000E+00   0.00000000000000E+00   0.00000000000000E+00   0.00000000000000E+00   -.22031047154918E-03
 0.00000000000000E+00   0.00000000000000E+00   0.00000000000000E+00   -.37207064724362E+00   0.00000000000000E+00   0.00000000000000E+00
 0.00000000000000E+00   0.00000000000000E+00   0.00000000000000E+00   0.00000000000000E+00   0.00000000000000E+00   0.00000000000000E+00   0.00000000000000E+00   0.00000000000000E+00   0.23129666630487E-02
 0.00000000000000E+00   0.00000000000000E+00   0.00000000000000E+00   0.82027673329338E+00   0.00000000000000E+00   0.00000000000000E+00
 0.00000000000000E+00   0.00000000000000E+00   0.00000000000000E+00   0.00000000000000E+00   0.00000000000000E+00   0.00000000000000E+00   0.00000000000000E+00   0.00000000000000E+00   0.26839661040319E-02
 0.00000000000000E+00   0.00000000000000E+00   0.00000000000000E+00   0.80908739089680E+00   0.00000000000000E+00   0.00000000000000E+00
 0.00000000000000E+00   0.00000000000000E+00   0.00000000000000E+00   0.00000000000000E+00   0.00000000000000E+00   0.00000000000000E+00   0.00000000000000E+00   0.00000000000000E+00   0.92869302048842E-03
 0.00000000000000E+00   0.00000000000000E+00   0.00000000000000E+00   0.34686295441874E+00   0.00000000000000E+00   0.00000000000000E+00
 0.00000000000000E+00   0.00000000000000E+00   0.00000000000000E+00   0.00000000000000E+00   0.00000000000000E+00   0.00000000000000E+00   0.00000000000000E+00   0.00000000000000E+00   -.38554398361814E-02
 0.00000000000000E+00   0.00000000000000E+00   0.00000000000000E+00   -.68730531645501E+00   0.00000000000000E+00   0.00000000000000E+00
 0.00000000000000E+00   0.00000000000000E+00   0.00000000000000E+00   0.00000000000000E+00   0.00000000000000E+00   0.00000000000000E+00   0.00000000000000E+00   0.00000000000000E+00   -.52333241563755E-02
 0.00000000000000E+00   0.00000000000000E+00   0.00000000000000E+00   -.13927778554049E+01   0.00000000000000E+00   0.00000000000000E+00
# Electronic transition moments of , IRREP b1  electric dipole (length) / electric dipole (velocity) / magnetic dipole
 -.17497929809675E+00   0.00000000000000E+00   0.00000000000000E+00   -.16499141546015E+00   0.00000000000000E+00   0.00000000000000E+00   0.00000000000000E+00   0.55881730873545E-02   0.00000000000000E+00
 0.00000000000000E+00   0.00000000000000E+00   0.00000000000000E+00   0.00000000000000E+00   -.30844159788321E+01   0.00000000000000E+00
 0.14432025194709E+01   0.00000000000000E+00   0.00000000000000E+00   0.13969519158363E+01   0.00000000000000E+00   0.00000000000000E+00   0.00000000000000E+00   0.13015175531546E-02   0.00000000000000E+00
 0.00000000000000E+00   0.00000000000000E+00   0.00000000000000E+00   0.00000000000000E+00   0.23130414691930E+01   0.00000000000000E+00
 -.75731708783198E+00   0.00000000000000E+00   0.00000000000000E+00   -.68035071334301E+00   0.00000000000000E+00   0.00000000000000E+00   0.00000000000000E+00   0.50448517087704E-02   0.00000000000000E+00
 0.00000000000000E+00   0.00000000000000E+00   0.00000000000000E+00   0.00000000000000E+00   0.36102363074994E+01   0.00000000000000E+00
 0.10482249992241E+00   0.00000000000000E+00   0.00000000000000E+00   0.65884361803727E-01   0.00000000000000E+00   0.00000000000000E+00   0.00000000000000E+00   -.12229465246506E-02   0.00000000000000E+00
 0.00000000000000E+00   0.00000000000000E+00   0.00000000000000E+00   0.00000000000000E+00   0.32837242846557E+00   0.00000000000000E+00
 -.16035854719249E+01   0.00000000000000E+00   0.00000000000000E+00   -.15346150252002E+01   0.00000000000000E+00   0.00000000000000E+00   0.00000000000000E+00   0.48434181392540E-03   0.00000000000000E+00
 0.00000000000000E+00   0.00000000000000E+00   0.00000000000000E+00   0.00000000000000E+00   0.25125661343756E+01   0.00000000000000E+00
 -.32565296069521E+00   0.00000000000000E+00   0.00000000000000E+00   -.34616065621256E+00   0.00000000000000E+00   0.00000000000000E+00   0.00000000000000E+00   0.12244561545394E-02   0.00000000000000E+00
 0.00000000000000E+00   0.00000000000000E+00   0.00000000000000E+00   0.00000000000000E+00   0.24002591082918E+01   0.00000000000000E+00
 0.10410311815081E+01   0.00000000000000E+00   0.00000000000000E+00   0.99982851478202E+00   0.00000000000000E+00   0.00000000000000E+00   0.00000000000000E+00   -.55199312065638E-02   0.00000000000000E+00
 0.00000000000000E+00   0.00000000000000E+00   0.00000000000000E+00   0.00000000000000E+00   -.32479148656223E+01   0.00000000000000E+00
 -.12378576849777E-01   0.00000000000000E+00   0.00000000000000E+00   -.38897893196624E-01   0.00000000000000E+00   0.00000000000000E+00   0.00000000000000E+00   -.54372893685158E-03   0.00000000000000E+00
 0.00000000000000E+00   0.00000000000000E+00   0.00000000000000E+00   0.00000000000000E+00   0.43822005738228E+00   0.00000000000000E+00
 -.66741975660847E-01   0.00000000000000E+00   0.00000000000000E+00   -.84659538599624E-01   0.00000000000000E+00   0.00000000000000E+00   0.00000000000000E+00   0.16356711159359E-03   0.00000000000000E+00
 0.00000000000000E+00   0.00000000000000E+00   0.00000000000000E+00   0.00000000000000E+00   -.27847616400438E+01   0.00000000000000E+00
 0.57326034119866E+00   0.00000000000000E+00   0.00000000000000E+00   0.57194854469308E+00   0.00000000000000E+00   0.00000000000000E+00   0.00000000000000E+00   -.61653884792660E-02   0.00000000000000E+00
 0.00000000000000E+00   0.00000000000000E+00   0.00000000000000E+00   0.00000000000000E+00   -.51495999211458E+01   0.00000000000000E+00
# Electronic transition moments of , IRREP b2  electric dipole (length) / electric dipole (velocity) / magnetic dipole
 0.00000000000000E+00   0.28830604777613E-02   0.00000000000000E+00   0.00000000000000E+00   -.52335374637110E-01   0.00000000000000E+00   -.40601190880663E-03   0.00000000000000E+00   0.00000000000000E+00
 0.00000000000000E+00   0.00000000000000E+00   0.00000000000000E+00   0.00000000000000E+00   0.00000000000000E+00   0.66117670970592E+00
 0.00000000000000E+00   -.74738574781675E+00   0.00000000000000E+00   0.00000000000000E+00   -.58356942954270E+00   0.00000000000000E+00   -.48337332918082E-02   0.00000000000000E+00   0.00000000000000E+00
 0.00000000000000E+00   0.00000000000000E+00   0.00000000000000E+00   0.00000000000000E+00   0.00000000000000E+00   0.33019683633778E+01
 0.00000000000000E+00   -.20161690576040E+00   0.00000000000000E+00   0.00000000000000E+00   -.13609051476009E+00   0.00000000000000E+00   -.25373634035952E-02   0.00000000000000E+00   0.00000000000000E+00
 0.00000000000000E+00   0.00000000000000E+00   0.00000000000000E+00   0.00000000000000E+00   0.00000000000000E+00   0.14913421684175E+01
 0.00000000000000E+00   0.22059344336947E+00   0.00000000000000E+00   0.00000000000000E+00   0.18309976800826E+00   0.00000000000000E+00   -.86055609821655E-03   0.00000000000000E+00   0.00000000000000E+00
 0.00000000000000E+00   0.00000000000000E+00   0.00000000000000E+00   0.00000000000000E+00   0.00000000000000E+00   0.70976357029845E+00
 0.00000000000000E+00   -.28688324703418E+00   0.00000000000000E+00   0.00000000000000E+00   -.24906590626239E+00   0.00000000000000E+00   -.81218375242910E-02   0.00000000000000E+00   0.00000000000000E+00
 0.00000000000000E+00   0.00000000000000E+00   0.00000000000000E+00   0.00000000000000E+00   0.00000000000000E+00   0.32331212619493E+01
 0.00000000000000E+00   0.56092185760059E+00   0.00000000000000E+00   0.00000000000000E+00   0.54248640022693E+00   0.00000000000000E+00   0.25796128772294E-02   0.00000000000000E+00   0.00000000000000E+00
 0.00000000000000E+00   0.00000000000000E+00   0.00000000000000E+00   0.00000000000000E+00   0.00000000000000E+00   -.47495513396617E+00
 0.00000000000000E+00   -.24796715381981E+00   0.00000000000000E+00   0.00000000000000E+00   -.19548391337292E+00   0.00000000000000E+00   0.15928712817899E-02   0.00000000000000E+00   0.00000000000000E+00
 0.00000000000000E+00   0.00000000000000E+00   0.00000000000000E+00   0.00000000000000E+00   0.00000000000000E+00   -.76694277957743E+00
 0.00000000000000E+00   -.14952102810219E+00   0.00000000000000E+00   0.00000000000000E+00   -.15722307484703E+00   0.00000000000000E+00   -.26664444396774E-02   0.00000000000000E+00   0.00000000000000E+00
 0.00000000000000E+00   0.00000000000000E+00   0.00000000000000E+00   0.00000000000000E+00   0.00000000000000E+00   0.19791559477599E+01
 0.00000000000000E+00   -.36649909769508E+00   0.00000000000000E+00   0.00000000000000E+00   -.33992615561178E+00   0.00000000000000E+00   -.63659964633400E-02   0.00000000000000E+00   0.00000000000000E+00
 0.00000000000000E+00   0.00000000000000E+00   0.00000000000000E+00   0.00000000000000E+00   0.00000000000000E+00   0.35089136230230E+01
 0.00000000000000E+00   0.13196041559863E+00   0.00000000000000E+00   0.00000000000000E+00   0.15612865821527E+00   0.00000000000000E+00   -.11732389603495E-02   0.00000000000000E+00   0.00000000000000E+00
 0.00000000000000E+00   0.00000000000000E+00   0.00000000000000E+00   0.00000000000000E+00   0.00000000000000E+00   0.82646030071888E+00
