----------------------------------------------------------------------
                        Spin Orbit Couplings                          
----------------------------------------------------------------------
 STATE 1  STATE 2   |(S1|HT-1|S2)|    |(S1|HT0 |S2)|    |(S1|HT+1|S2)|
     0      1        0.0000378003     0.0000002668      0.0000378003
     1      1        0.0000000000     0.0000000000      0.0000000000
     2      1        0.0000000200     0.0000009742      0.0000000200
     3      1        0.0000005879     0.0000000042      0.0000005879
     4      1        0.0000000005     0.0000000241      0.0000000005
     5      1        0.0000000000     0.0000000000      0.0000000000
     6      1        0.0000000027     0.0000001299      0.0000000027
     7      1        0.0000032346     0.0000000236      0.0000032346
     8      1        0.0000000133     0.0000006553      0.0000000133
     9      1        0.0000108229     0.0000000887      0.0000108229
    10      1        0.0000131553     0.0000005436      0.0000131553
    11      1        10.3108378639     0.0000000000      0.0000000000
    12      1        0.0000001280     0.0000180277      0.0000000000
    13      1        0.0000012408     0.0000000255      0.0000000000
    14      1        0.0000000046     0.0000006423      0.0000000000
    15      1        0.0000000530     0.0000000011      0.0000000000
    16      1        0.0000000000     0.0000000000      0.0000000000
    17      1        0.0000010216     0.0000211868      0.0000000000
    18      1        0.0000000291     0.0000000006      0.0000000000
    19      1        0.0000000000     0.0000000003      0.0000000000
    20      1        0.0000000024     0.0000003443      0.0000000000
     0      2        0.0000000000     0.0000000000      0.0000000000
     1      2        0.0000177635     0.0000001261      0.0000177635
     2      2        0.0000000004     0.0000000000      0.0000000004
     3      2        0.0000000000     0.0000000000      0.0000000000
     4      2        0.0000000000     0.0000000000      0.0000000000
     5      2        0.0000000535     0.0000000004      0.0000000535
     6      2        0.0000000003     0.0000000000      0.0000000003
     7      2        0.0000000000     0.0000000001      0.0000000000
     8      2        0.0000000006     0.0000000000      0.0000000006
     9      2        0.0000000002     0.0000000088      0.0000000002
    10      2        0.0000016827     0.0000137466      0.0000016827
    11      2        0.0000001280     0.0000180277      0.0000000000
    12      2        31.9484753939     0.0000000000      0.0000000000
    13      2        0.0000000001     0.0000000012      0.0000000000
    14      2        0.0000000000     0.0000000000      0.0000000000
    15      2        0.0000000000     0.0000000003      0.0000000000
    16      2        0.0000000001     0.0000000141      0.0000000000
    17      2        0.0000209730     0.0000004405      0.0000000000
    18      2        0.0000000000     0.0000000001      0.0000000000
    19      2        0.0000000402     0.0000066166      0.0000000000
    20      2        0.0000000000     0.0000000000      0.0000000000
     0      3        0.0000009573     0.0000000713      0.0000009573
     1      3        0.0000000248     0.0000012061      0.0000000248
     2      3        0.0000000000     0.0000000000      0.0000000000
     3      3        0.0000000652     0.0000000049      0.0000000652
     4      3        0.0000000000     0.0000000000      0.0000000000
     5      3        0.0000000005     0.0000000245      0.0000000005
     6      3        0.0000000000     0.0000000000      0.0000000000
     7      3        0.0000000052     0.0000000004      0.0000000052
     8      3        0.0000000000     0.0000000000      0.0000000000
     9      3        0.0000000000     0.0000000000      0.0000000000
    10      3        0.0000000882     0.0000000066      0.0000000882
    11      3        0.0000012408     0.0000000255      0.0000000000
    12      3        0.0000000001     0.0000000012      0.0000000000
    13      3        42.6219592268     0.0000000000      0.0000000000
    14      3        0.0000000034     0.0000000463      0.0000000000
    15      3        0.0000000000     0.0000000000      0.0000000000
    16      3        0.0000000223     0.0000000005      0.0000000000
    17      3        0.0000000000     0.0000000001      0.0000000000
    18      3        0.0000000000     0.0000000000      0.0000000000
    19      3        0.0000000006     0.0000000000      0.0000000000
    20      3        0.0000000006     0.0000000075      0.0000000000
     0      4        0.0000000000     0.0000000000      0.0000000000
     1      4        0.0000006179     0.0000000045      0.0000006179
     2      4        0.0000000164     0.0000000012      0.0000000164
     3      4        0.0000000000     0.0000000000      0.0000000000
     4      4        0.0000000153     0.0000000011      0.0000000153
     5      4        0.0000000311     0.0000000002      0.0000000311
     6      4        0.0000000225     0.0000000017      0.0000000225
     7      4        0.0000000000     0.0000000000      0.0000000000
     8      4        0.0000001900     0.0000000141      0.0000001900
     9      4        0.0000000000     0.0000000000      0.0000000000
    10      4        0.0000001155     0.0000000061      0.0000001155
    11      4        0.0000000046     0.0000006423      0.0000000000
    12      4        0.0000000000     0.0000000000      0.0000000000
    13      4        0.0000000034     0.0000000463      0.0000000000
    14      4        54.9072336262     0.0000000000      0.0000000000
    15      4        0.0000000010     0.0000000132      0.0000000000
    16      4        0.0000000002     0.0000000292      0.0000000000
    17      4        0.0000000000     0.0000000182      0.0000000000
    18      4        0.0000000007     0.0000000087      0.0000000000
    19      4        0.0000000003     0.0000000494      0.0000000000
    20      4        0.0000000000     0.0000000000      0.0000000000
     0      5        0.0000004599     0.0000000342      0.0000004599
     1      5        0.0000000010     0.0000000475      0.0000000010
     2      5        0.0000000000     0.0000000000      0.0000000000
     3      5        0.0000000125     0.0000000009      0.0000000125
     4      5        0.0000000000     0.0000000000      0.0000000000
     5      5        0.0000000001     0.0000000062      0.0000000001
     6      5        0.0000000000     0.0000000000      0.0000000000
     7      5        0.0000000087     0.0000000006      0.0000000087
     8      5        0.0000000000     0.0000000000      0.0000000000
     9      5        0.0000000235     0.0000000017      0.0000000235
    10      5        0.0000000135     0.0000000009      0.0000000135
    11      5        0.0000000530     0.0000000011      0.0000000000
    12      5        0.0000000000     0.0000000003      0.0000000000
    13      5        0.0000000000     0.0000000000      0.0000000000
    14      5        0.0000000010     0.0000000132      0.0000000000
    15      5        55.9971620106     0.0000000000      0.0000000000
    16      5        0.0000000066     0.0000000001      0.0000000000
    17      5        0.0000000008     0.0000000103      0.0000000000
    18      5        0.0000000000     0.0000000000      0.0000000000
    19      5        0.0000000003     0.0000000000      0.0000000000
    20      5        0.0000000009     0.0000000125      0.0000000000
     0      6        0.0000000565     0.0000000004      0.0000000565
     1      6        0.0000000000     0.0000000000      0.0000000000
     2      6        0.0000000004     0.0000000175      0.0000000004
     3      6        0.0000000046     0.0000000000      0.0000000046
     4      6        0.0000000001     0.0000000067      0.0000000001
     5      6        0.0000000000     0.0000000000      0.0000000000
     6      6        0.0000000000     0.0000000007      0.0000000000
     7      6        0.0000000289     0.0000000002      0.0000000289
     8      6        0.0000000017     0.0000000823      0.0000000017
     9      6        0.0000004598     0.0000000033      0.0000004598
    10      6        0.0000002525     0.0000000054      0.0000002525
    11      6        0.0000000000     0.0000000000      0.0000000000
    12      6        0.0000000001     0.0000000141      0.0000000000
    13      6        0.0000000223     0.0000000005      0.0000000000
    14      6        0.0000000002     0.0000000292      0.0000000000
    15      6        0.0000000066     0.0000000001      0.0000000000
    16      6        65.4250584723     0.0000000000      0.0000000000
    17      6        0.0000000091     0.0000001798      0.0000000000
    18      6        0.0000000000     0.0000000000      0.0000000000
    19      6        0.0000000000     0.0000000000      0.0000000000
    20      6        0.0000000000     0.0000000000      0.0000000000
     0      7        0.0000028064     0.0000612073      0.0000028064
     1      7        0.0000207292     0.0000021449      0.0000207292
     2      7        0.0000000152     0.0000000006      0.0000000152
     3      7        0.0000000760     0.0000000298      0.0000000760
     4      7        0.0000000120     0.0000000006      0.0000000120
     5      7        0.0000001527     0.0000000004      0.0000001527
     6      7        0.0000000023     0.0000000000      0.0000000023
     7      7        0.0000000352     0.0000015772      0.0000000352
     8      7        0.0000000356     0.0000000023      0.0000000356
     9      7        0.0000002374     0.0000133455      0.0000002374
    10      7        0.0000007223     0.0000000031      0.0000007223
    11      7        0.0000010216     0.0000211868      0.0000000000
    12      7        0.0000209730     0.0000004405      0.0000000000
    13      7        0.0000000000     0.0000000001      0.0000000000
    14      7        0.0000000000     0.0000000182      0.0000000000
    15      7        0.0000000008     0.0000000103      0.0000000000
    16      7        0.0000000091     0.0000001798      0.0000000000
    17      7        71.2259954254     0.0000000000      0.0000000000
    18      7        0.0000000000     0.0000000037      0.0000000000
    19      7        0.0000001425     0.0000021687      0.0000000000
    20      7        0.0000000002     0.0000000161      0.0000000000
     0      8        0.0000000212     0.0000000015      0.0000000212
     1      8        0.0000000006     0.0000000288      0.0000000006
     2      8        0.0000000000     0.0000000000      0.0000000000
     3      8        0.0000000000     0.0000000000      0.0000000000
     4      8        0.0000000000     0.0000000000      0.0000000000
     5      8        0.0000000000     0.0000000000      0.0000000000
     6      8        0.0000000000     0.0000000000      0.0000000000
     7      8        0.0000000265     0.0000000020      0.0000000265
     8      8        0.0000000000     0.0000000000      0.0000000000
     9      8        0.0000000392     0.0000000029      0.0000000392
    10      8        0.0000000094     0.0000000050      0.0000000094
    11      8        0.0000000291     0.0000000006      0.0000000000
    12      8        0.0000000000     0.0000000001      0.0000000000
    13      8        0.0000000000     0.0000000000      0.0000000000
    14      8        0.0000000007     0.0000000087      0.0000000000
    15      8        0.0000000000     0.0000000000      0.0000000000
    16      8        0.0000000000     0.0000000000      0.0000000000
    17      8        0.0000000000     0.0000000037      0.0000000000
    18      8        75.3544455438     0.0000000000      0.0000000000
    19      8        0.0000000130     0.0000000003      0.0000000000
    20      8        0.0000000020     0.0000000270      0.0000000000
     0      9        0.0000030300     0.0000000139      0.0000030300
     1      9        0.0000000003     0.0000000000      0.0000000003
     2      9        0.0000000001     0.0000000036      0.0000000001
     3      9        0.0000000848     0.0000000006      0.0000000848
     4      9        0.0000000000     0.0000000005      0.0000000000
     5      9        0.0000000000     0.0000000000      0.0000000000
     6      9        0.0000000000     0.0000000013      0.0000000000
     7      9        0.0000005907     0.0000000037      0.0000005907
     8      9        0.0000000000     0.0000000003      0.0000000000
     9      9        0.0000055529     0.0000000383      0.0000055529
    10      9        0.0000012290     0.0000002044      0.0000012290
    11      9        0.0000000000     0.0000000003      0.0000000000
    12      9        0.0000000402     0.0000066166      0.0000000000
    13      9        0.0000000006     0.0000000000      0.0000000000
    14      9        0.0000000003     0.0000000494      0.0000000000
    15      9        0.0000000003     0.0000000000      0.0000000000
    16      9        0.0000000000     0.0000000000      0.0000000000
    17      9        0.0000001425     0.0000021687      0.0000000000
    18      9        0.0000000130     0.0000000003      0.0000000000
    19      9        84.8050953086     0.0000000000      0.0000000000
    20      9        0.0000000002     0.0000000248      0.0000000000
     0     10        0.0000000000     0.0000000000      0.0000000000
     1     10        0.0000004154     0.0000000030      0.0000004154
     2     10        0.0000000211     0.0000000016      0.0000000211
     3     10        0.0000000000     0.0000000000      0.0000000000
     4     10        0.0000000024     0.0000000002      0.0000000024
     5     10        0.0000000000     0.0000000000      0.0000000000
     6     10        0.0000000302     0.0000000022      0.0000000302
     7     10        0.0000000000     0.0000000000      0.0000000000
     8     10        0.0000001004     0.0000000075      0.0000001004
     9     10        0.0000000000     0.0000000000      0.0000000000
    10     10        0.0000000138     0.0000000020      0.0000000138
    11     10        0.0000000024     0.0000003443      0.0000000000
    12     10        0.0000000000     0.0000000000      0.0000000000
    13     10        0.0000000006     0.0000000075      0.0000000000
    14     10        0.0000000000     0.0000000000      0.0000000000
    15     10        0.0000000009     0.0000000125      0.0000000000
    16     10        0.0000000000     0.0000000000      0.0000000000
    17     10        0.0000000002     0.0000000161      0.0000000000
    18     10        0.0000000020     0.0000000270      0.0000000000
    19     10        0.0000000002     0.0000000248      0.0000000000
    20     10        84.8561064793     0.0000000000      0.0000000000
