----------------------------------------------------------------------
                        Spin Orbit Couplings                          
----------------------------------------------------------------------
 STATE 1  STATE 2   |(S1|HT-1|S2)|    |(S1|HT0 |S2)|    |(S1|HT+1|S2)|
     0      1        0.0000604822     0.0000002464      0.0000604822
     1      1        0.0000000000     0.0000000000      0.0000000000
     2      1        0.0000000268     0.0000014164      0.0000000268
     3      1        0.0000007447     0.0000000445      0.0000007447
     4      1        0.0000000029     0.0000000281      0.0000000029
     5      1        0.0000000000     0.0000000000      0.0000000000
     6      1        0.0000000125     0.0000005812      0.0000000125
     7      1        0.0000028972     0.0000001446      0.0000028972
     8      1        0.0000000146     0.0000005643      0.0000000146
     9      1        0.0000271839     0.0000000479      0.0000271839
    10      1        0.0000000191     0.0000008644      0.0000000191
    11      1        9.8666925254     0.0000000000      0.0000000000
    12      1        0.0000001826     0.0000237995      0.0000000000
    13      1        0.0000019902     0.0000000372      0.0000000000
    14      1        0.0000000431     0.0000010779      0.0000000000
    15      1        0.0000000912     0.0000000039      0.0000000000
    16      1        0.0000021664     0.0000279855      0.0000000000
    17      1        0.0000000000     0.0000000000      0.0000000000
    18      1        0.0000005953     0.0000000116      0.0000000000
    19      1        0.0000000746     0.0000001764      0.0000000000
    20      1        0.0000000000     0.0000000000      0.0000000000
     0      2        0.0000000000     0.0000000000      0.0000000000
     1      2        0.0000238792     0.0000002061      0.0000238792
     2      2        0.0000000006     0.0000000000      0.0000000006
     3      2        0.0000000000     0.0000000000      0.0000000000
     4      2        0.0000000000     0.0000000000      0.0000000000
     5      2        0.0000000743     0.0000000007      0.0000000743
     6      2        0.0000000002     0.0000000000      0.0000000002
     7      2        0.0000000000     0.0000000000      0.0000000000
     8      2        0.0000000001     0.0000000000      0.0000000001
     9      2        0.0000000001     0.0000000024      0.0000000001
    10      2        0.0000000003     0.0000000000      0.0000000003
    11      2        0.0000001826     0.0000237995      0.0000000000
    12      2        29.8185413744     0.0000000000      0.0000000000
    13      2        0.0000000001     0.0000000017      0.0000000000
    14      2        0.0000000000     0.0000000000      0.0000000000
    15      2        0.0000000000     0.0000000002      0.0000000000
    16      2        0.0000268109     0.0000005376      0.0000000000
    17      2        0.0000000005     0.0000000227      0.0000000000
    18      2        0.0000000000     0.0000000006      0.0000000000
    19      2        0.0000000000     0.0000000000      0.0000000000
    20      2        0.0000000362     0.0000075070      0.0000000000
     0      3        0.0000016138     0.0000001202      0.0000016138
     1      3        0.0000000359     0.0000019177      0.0000000359
     2      3        0.0000000000     0.0000000000      0.0000000000
     3      3        0.0000000666     0.0000000050      0.0000000666
     4      3        0.0000000001     0.0000000000      0.0000000001
     5      3        0.0000000009     0.0000000460      0.0000000009
     6      3        0.0000000001     0.0000000000      0.0000000001
     7      3        0.0000000017     0.0000000001      0.0000000017
     8      3        0.0000000003     0.0000000000      0.0000000003
     9      3        0.0000000743     0.0000000055      0.0000000743
    10      3        0.0000000001     0.0000000000      0.0000000001
    11      3        0.0000019902     0.0000000372      0.0000000000
    12      3        0.0000000001     0.0000000017      0.0000000000
    13      3        42.3381425031     0.0000000000      0.0000000000
    14      3        0.0000000041     0.0000000547      0.0000000000
    15      3        0.0000000000     0.0000000000      0.0000000000
    16      3        0.0000000025     0.0000000369      0.0000000000
    17      3        0.0000000429     0.0000000008      0.0000000000
    18      3        0.0000000000     0.0000000001      0.0000000000
    19      3        0.0000000002     0.0000000030      0.0000000000
    20      3        0.0000000003     0.0000000000      0.0000000000
     0      4        0.0000000263     0.0000000019      0.0000000263
     1      4        0.0000010407     0.0000000416      0.0000010407
     2      4        0.0000000166     0.0000000012      0.0000000166
     3      4        0.0000000000     0.0000000000      0.0000000000
     4      4        0.0000000001     0.0000000000      0.0000000001
     5      4        0.0000000709     0.0000000014      0.0000000709
     6      4        0.0000000083     0.0000000006      0.0000000083
     7      4        0.0000000010     0.0000000001      0.0000000010
     8      4        0.0000000825     0.0000000061      0.0000000825
     9      4        0.0000000017     0.0000000001      0.0000000017
    10      4        0.0000000558     0.0000000041      0.0000000558
    11      4        0.0000000431     0.0000010779      0.0000000000
    12      4        0.0000000000     0.0000000000      0.0000000000
    13      4        0.0000000041     0.0000000547      0.0000000000
    14      4        54.6486916525     0.0000000000      0.0000000000
    15      4        0.0000000000     0.0000000004      0.0000000000
    16      4        0.0000000014     0.0000000002      0.0000000000
    17      4        0.0000000013     0.0000000726      0.0000000000
    18      4        0.0000000000     0.0000000000      0.0000000000
    19      4        0.0000000001     0.0000000010      0.0000000000
    20      4        0.0000000004     0.0000001117      0.0000000000
     0      5        0.0000002295     0.0000000171      0.0000002295
     1      5        0.0000000036     0.0000000837      0.0000000036
     2      5        0.0000000000     0.0000000000      0.0000000000
     3      5        0.0000000000     0.0000000000      0.0000000000
     4      5        0.0000000000     0.0000000000      0.0000000000
     5      5        0.0000000001     0.0000000024      0.0000000001
     6      5        0.0000000000     0.0000000000      0.0000000000
     7      5        0.0000000003     0.0000000000      0.0000000003
     8      5        0.0000000000     0.0000000000      0.0000000000
     9      5        0.0000000046     0.0000000003      0.0000000046
    10      5        0.0000000000     0.0000000000      0.0000000000
    11      5        0.0000000912     0.0000000039      0.0000000000
    12      5        0.0000000000     0.0000000002      0.0000000000
    13      5        0.0000000000     0.0000000000      0.0000000000
    14      5        0.0000000000     0.0000000004      0.0000000000
    15      5        55.6909921875     0.0000000000      0.0000000000
    16      5        0.0000000012     0.0000000120      0.0000000000
    17      5        0.0000000025     0.0000000001      0.0000000000
    18      5        0.0000000000     0.0000000000      0.0000000000
    19      5        0.0000000002     0.0000000023      0.0000000000
    20      5        0.0000000013     0.0000000000      0.0000000000
     0      6        0.0000017029     0.0000872438      0.0000017029
     1      6        0.0000281878     0.0000020144      0.0000281878
     2      6        0.0000000293     0.0000000017      0.0000000293
     3      6        0.0000000010     0.0000000125      0.0000000010
     4      6        0.0000000071     0.0000000003      0.0000000071
     5      6        0.0000000748     0.0000000027      0.0000000748
     6      6        0.0000000017     0.0000000003      0.0000000017
     7      6        0.0000000305     0.0000016902      0.0000000305
     8      6        0.0000000068     0.0000000001      0.0000000068
     9      6        0.0000003900     0.0000194818      0.0000003900
    10      6        0.0000000064     0.0000000002      0.0000000064
    11      6        0.0000021664     0.0000279855      0.0000000000
    12      6        0.0000268109     0.0000005376      0.0000000000
    13      6        0.0000000025     0.0000000369      0.0000000000
    14      6        0.0000000014     0.0000000002      0.0000000000
    15      6        0.0000000012     0.0000000120      0.0000000000
    16      6        63.7997474504     0.0000000000      0.0000000000
    17      6        0.0000000005     0.0000001118      0.0000000000
    18      6        0.0000000005     0.0000000129      0.0000000000
    19      6        0.0000000010     0.0000000001      0.0000000000
    20      6        0.0000001903     0.0000026047      0.0000000000
     0      7        0.0000001359     0.0000000001      0.0000001359
     1      7        0.0000000000     0.0000000000      0.0000000000
     2      7        0.0000000006     0.0000000343      0.0000000006
     3      7        0.0000000114     0.0000000004      0.0000000114
     4      7        0.0000000001     0.0000000004      0.0000000001
     5      7        0.0000000000     0.0000000000      0.0000000000
     6      7        0.0000000004     0.0000000157      0.0000000004
     7      7        0.0000000589     0.0000000004      0.0000000589
     8      7        0.0000000023     0.0000001234      0.0000000023
     9      7        0.0000003323     0.0000000027      0.0000003323
    10      7        0.0000000031     0.0000001590      0.0000000031
    11      7        0.0000000000     0.0000000000      0.0000000000
    12      7        0.0000000005     0.0000000227      0.0000000000
    13      7        0.0000000429     0.0000000008      0.0000000000
    14      7        0.0000000013     0.0000000726      0.0000000000
    15      7        0.0000000025     0.0000000001      0.0000000000
    16      7        0.0000000005     0.0000001118      0.0000000000
    17      7        64.1830824273     0.0000000000      0.0000000000
    18      7        0.0000000000     0.0000000001      0.0000000000
    19      7        0.0000000008     0.0000000117      0.0000000000
    20      7        0.0000000000     0.0000000000      0.0000000000
     0      8        0.0000009197     0.0000000687      0.0000009197
     1      8        0.0000000110     0.0000005603      0.0000000110
     2      8        0.0000000001     0.0000000000      0.0000000001
     3      8        0.0000000096     0.0000000007      0.0000000096
     4      8        0.0000000000     0.0000000000      0.0000000000
     5      8        0.0000000001     0.0000000000      0.0000000001
     6      8        0.0000000000     0.0000000000      0.0000000000
     7      8        0.0000000075     0.0000000006      0.0000000075
     8      8        0.0000000004     0.0000000000      0.0000000004
     9      8        0.0000000491     0.0000000037      0.0000000491
    10      8        0.0000000000     0.0000000000      0.0000000000
    11      8        0.0000005953     0.0000000116      0.0000000000
    12      8        0.0000000000     0.0000000006      0.0000000000
    13      8        0.0000000000     0.0000000001      0.0000000000
    14      8        0.0000000000     0.0000000000      0.0000000000
    15      8        0.0000000000     0.0000000000      0.0000000000
    16      8        0.0000000005     0.0000000129      0.0000000000
    17      8        0.0000000000     0.0000000001      0.0000000000
    18      8        76.6342729379     0.0000000000      0.0000000000
    19      8        0.0000000009     0.0000000124      0.0000000000
    20      8        0.0000000123     0.0000000005      0.0000000000
     0      9        0.0000000400     0.0000000031      0.0000000400
     1      9        0.0000002463     0.0000000760      0.0000002463
     2      9        0.0000000013     0.0000000001      0.0000000013
     3      9        0.0000000003     0.0000000000      0.0000000003
     4      9        0.0000000083     0.0000000006      0.0000000083
     5      9        0.0000000057     0.0000000011      0.0000000057
     6      9        0.0000000012     0.0000000001      0.0000000012
     7      9        0.0000000000     0.0000000000      0.0000000000
     8      9        0.0000000322     0.0000000024      0.0000000322
     9      9        0.0000000068     0.0000000006      0.0000000068
    10      9        0.0000001818     0.0000000135      0.0000001818
    11      9        0.0000000746     0.0000001764      0.0000000000
    12      9        0.0000000000     0.0000000000      0.0000000000
    13      9        0.0000000002     0.0000000030      0.0000000000
    14      9        0.0000000001     0.0000000010      0.0000000000
    15      9        0.0000000002     0.0000000023      0.0000000000
    16      9        0.0000000010     0.0000000001      0.0000000000
    17      9        0.0000000008     0.0000000117      0.0000000000
    18      9        0.0000000009     0.0000000124      0.0000000000
    19      9        81.6920745921     0.0000000000      0.0000000000
    20      9        0.0000000008     0.0000000351      0.0000000000
     0     10        0.0000041860     0.0000000932      0.0000041860
     1     10        0.0000000000     0.0000000000      0.0000000000
     2     10        0.0000000002     0.0000000086      0.0000000002
     3     10        0.0000001513     0.0000000025      0.0000001513
     4     10        0.0000000001     0.0000000000      0.0000000001
     5     10        0.0000000000     0.0000000000      0.0000000000
     6     10        0.0000000001     0.0000000057      0.0000000001
     7     10        0.0000006886     0.0000000067      0.0000006886
     8     10        0.0000000003     0.0000000026      0.0000000003
     9     10        0.0000083546     0.0000000642      0.0000083546
    10     10        0.0000000014     0.0000000673      0.0000000014
    11     10        0.0000000000     0.0000000000      0.0000000000
    12     10        0.0000000362     0.0000075070      0.0000000000
    13     10        0.0000000003     0.0000000000      0.0000000000
    14     10        0.0000000004     0.0000001117      0.0000000000
    15     10        0.0000000013     0.0000000000      0.0000000000
    16     10        0.0000001903     0.0000026047      0.0000000000
    17     10        0.0000000000     0.0000000000      0.0000000000
    18     10        0.0000000123     0.0000000005      0.0000000000
    19     10        0.0000000008     0.0000000351      0.0000000000
    20     10        83.5814366402     0.0000000000      0.0000000000
