# Excitation spectrum ; written at 2023-10-18 20:19:27
#     Exc.     energy (Eh)   energy (eV)   energy (cm-1)   energy (nm)     Osc.(vel)      Osc.(len) 
       1 a'       0.083953       2.28449       18425.617       542.723     1.02166505     0.65993838
       2 a'       0.114796       3.12376       25194.836       396.907     0.23204792     0.15860324
       3 a'       0.130547       3.55238       28651.861       349.017     0.75804375     0.50435521
       4 a'       0.141093       3.83934       30966.341       322.931     0.92273513     0.71072411
       5 a'       0.158214       4.30523       34723.993       287.985     0.58173800     0.50615857
       6 a'       0.173228       4.71377       38019.106       263.026     0.06517408     0.06956647
       7 a'       0.178445       4.85573       39164.113       255.336     0.04409984     0.03213031
       8 a'       0.185707       5.05336       40758.061       245.350     0.30381774     0.27106505
       9 a'       0.194911       5.30380       42778.046       233.765     0.09226867     0.06460543
      10 a'       0.202640       5.51412       44474.408       224.848     0.19350202     0.17638614
       1 a"       0.102151       2.77966       22419.458       446.041     0.01564439     0.00470874
       2 a"       0.115030       3.13014       25246.273       396.098     0.00000037     0.00000216
       3 a"       0.140894       3.83391       30922.591       323.388     0.00015779     0.00005099
       4 a"       0.161756       4.40162       35501.426       281.679     0.00127233     0.00036047
       5 a"       0.188569       5.13123       41386.140       241.627     0.00185754     0.00099465
       6 a"       0.189226       5.14910       41530.291       240.788     0.00059696     0.00039557
       7 a"       0.210413       5.72562       46180.228       216.543     0.00685698     0.00319004
       8 a"       0.216707       5.89690       47561.697       210.253     0.00003644     0.00008972
       9 a"       0.225645       6.14012       49523.425       201.925     0.00210379     0.00101140
      10 a"       0.229013       6.23176       50262.556       198.955     0.00060587     0.00038696
