# Electronic transition moments of , IRREP a'  electric dipole (length) / electric dipole (velocity) / magnetic dipole
 0.42563429090227E+01   0.37109871123737E+00   0.00000000000000E+00   0.34070914303454E+01   0.42766640733020E+00   0.00000000000000E+00   0.00000000000000E+00   0.00000000000000E+00   -.29369004058939E-02
 0.61835145169386E+01   0.17253185632555E+01   -.67975210985357E-01   -.33644730319321E+01   0.00000000000000E+00   0.00000000000000E+00
 0.14039305012214E+01   -.10300808988676E+01   0.00000000000000E+00   0.11834128317621E+01   -.81972318641166E+00   0.00000000000000E+00   0.00000000000000E+00   0.00000000000000E+00   0.17575123198436E-02
 -.60954321572320E+01   0.34714684471732E+00   0.16114920128514E-01   0.60084498928190E+01   0.00000000000000E+00   0.00000000000000E+00
 0.18504844485044E+01   -.22990616917944E+01   0.00000000000000E+00   0.15597962565216E+01   -.18336066479016E+01   0.00000000000000E+00   0.00000000000000E+00   0.00000000000000E+00   -.37641139670894E-02
 0.13327196166945E+02   -.56510246069494E+01   -.88754704272882E-01   -.86898047520725E+01   0.00000000000000E+00   0.00000000000000E+00
 0.25529516537118E+01   -.18144686870987E+01   0.00000000000000E+00   0.22213186873430E+01   -.16191518777619E+01   0.00000000000000E+00   0.00000000000000E+00   0.00000000000000E+00   0.41329805163699E-02
 0.40893887280912E+01   0.17335316368227E+01   -.18966353675840E+00   -.69059845538365E-02   0.00000000000000E+00   0.00000000000000E+00
 -.19872129751485E+01   -.12515343436759E+01   0.00000000000000E+00   -.19098825976477E+01   -.10729152214437E+01   0.00000000000000E+00   0.00000000000000E+00   0.00000000000000E+00   0.29714187277352E-02
 0.23045990770301E+02   0.36078037163706E+00   0.16359728265245E+00   0.16448420020928E+01   0.00000000000000E+00   0.00000000000000E+00
 -.42811942547510E+00   0.61730368184003E+00   0.00000000000000E+00   -.51558141959001E+00   0.58013803182098E+00   0.00000000000000E+00   0.00000000000000E+00   0.00000000000000E+00   -.50994526808697E-02
 0.84100834369276E+01   0.16971515812437E+00   -.18628952551070E-02   -.28113347325224E+01   0.00000000000000E+00   0.00000000000000E+00
 0.26765139465037E+00   -.54686759496611E+00   0.00000000000000E+00   0.22888407375276E+00   -.46658137252905E+00   0.00000000000000E+00   0.00000000000000E+00   0.00000000000000E+00   0.19955797198588E-02
 -.68878065594662E+01   -.22634395981171E+00   -.21137453700293E+00   -.54320281996690E+00   0.00000000000000E+00   0.00000000000000E+00
 0.12211438980067E+01   0.98122943993472E+00   0.00000000000000E+00   0.11498489281458E+01   0.93128959209636E+00   0.00000000000000E+00   0.00000000000000E+00   0.00000000000000E+00   -.81143542897689E-03
 -.10815484205400E+02   -.22829380507829E+00   -.60636662956986E-01   -.20874532589330E+01   0.00000000000000E+00   0.00000000000000E+00
 0.81742810702505E+00   0.20468003353254E+00   0.00000000000000E+00   0.69417194651033E+00   0.12376091709504E+00   0.00000000000000E+00   0.00000000000000E+00   0.00000000000000E+00   0.25281184846908E-02
 0.33635521512442E+01   0.59742309582109E+01   -.24698472104827E+00   0.14932229383843E+00   0.00000000000000E+00   0.00000000000000E+00
 -.28481675943016E-01   0.11964717184797E+01   0.00000000000000E+00   -.82854353090096E-01   0.11396466281362E+01   0.00000000000000E+00   0.00000000000000E+00   0.00000000000000E+00   -.52522146563921E-02
 0.91378424224979E+01   0.44219327352163E+00   -.57768906949224E-01   -.13161463901055E+02   0.00000000000000E+00   0.00000000000000E+00
# Electronic transition moments of , IRREP a"  electric dipole (length) / electric dipole (velocity) / magnetic dipole
 0.00000000000000E+00   0.00000000000000E+00   0.47929684575366E+00   0.00000000000000E+00   0.00000000000000E+00   0.26295260624493E+00   0.19314975034791E-02   0.34500286964047E-03   0.00000000000000E+00
 0.00000000000000E+00   0.00000000000000E+00   0.00000000000000E+00   0.00000000000000E+00   0.28815342889829E+00   0.74197241415737E+00
 0.00000000000000E+00   0.00000000000000E+00   0.21874283433373E-02   0.00000000000000E+00   0.00000000000000E+00   -.53057403585657E-02   -.95746413675000E-03   0.12688541638653E-02   0.00000000000000E+00
 0.00000000000000E+00   0.00000000000000E+00   0.00000000000000E+00   0.00000000000000E+00   0.30377262585965E-01   -.15296896350560E+00
 0.00000000000000E+00   0.00000000000000E+00   -.40986816826893E-01   0.00000000000000E+00   0.00000000000000E+00   -.23298286189836E-01   0.94171784864403E-03   0.33488250984767E-03   0.00000000000000E+00
 0.00000000000000E+00   0.00000000000000E+00   0.00000000000000E+00   0.00000000000000E+00   0.84394732732706E-01   0.74695787458850E-01
 0.00000000000000E+00   0.00000000000000E+00   -.10862135067653E+00   0.00000000000000E+00   0.00000000000000E+00   -.57816254089379E-01   -.36351584997927E-02   -.96291353622498E-04   0.00000000000000E+00
 0.00000000000000E+00   0.00000000000000E+00   0.00000000000000E+00   0.00000000000000E+00   0.33602303864489E+00   -.12011936349277E+01
 0.00000000000000E+00   0.00000000000000E+00   0.12155695528493E+00   0.00000000000000E+00   0.00000000000000E+00   0.88949681341319E-01   -.38565927535575E-03   -.32112087192581E-03   0.00000000000000E+00
 0.00000000000000E+00   0.00000000000000E+00   0.00000000000000E+00   0.00000000000000E+00   0.66569982080922E-01   0.34096752171297E-01
 0.00000000000000E+00   0.00000000000000E+00   -.68790208753335E-01   0.00000000000000E+00   0.00000000000000E+00   -.55997302515340E-01   -.11635778322139E-02   0.15393418000169E-03   0.00000000000000E+00
 0.00000000000000E+00   0.00000000000000E+00   0.00000000000000E+00   0.00000000000000E+00   -.89991093634601E-01   -.70630234441016E-01
 0.00000000000000E+00   0.00000000000000E+00   0.22109367408912E+00   0.00000000000000E+00   0.00000000000000E+00   0.15080216824498E+00   -.72370953483628E-03   0.19106583004015E-02   0.00000000000000E+00
 0.00000000000000E+00   0.00000000000000E+00   0.00000000000000E+00   0.00000000000000E+00   0.18606831250753E+00   -.10123769878307E-01
 0.00000000000000E+00   0.00000000000000E+00   -.15880909111655E-01   0.00000000000000E+00   0.00000000000000E+00   -.24920866643038E-01   -.12869935326322E-02   -.18602946743833E-04   0.00000000000000E+00
 0.00000000000000E+00   0.00000000000000E+00   0.00000000000000E+00   0.00000000000000E+00   0.12580838281293E+00   -.42453587486783E+00
 0.00000000000000E+00   0.00000000000000E+00   -.11825874171987E+00   0.00000000000000E+00   0.00000000000000E+00   -.81996063237227E-01   0.17710835133124E-03   0.82033525897322E-03   0.00000000000000E+00
 0.00000000000000E+00   0.00000000000000E+00   0.00000000000000E+00   0.00000000000000E+00   -.31801126317531E+00   0.51603679532252E-01
 0.00000000000000E+00   0.00000000000000E+00   0.62994644832107E-01   0.00000000000000E+00   0.00000000000000E+00   0.50344146851177E-01   -.13001798082007E-02   -.22045416168006E-02   0.00000000000000E+00
 0.00000000000000E+00   0.00000000000000E+00   0.00000000000000E+00   0.00000000000000E+00   0.45235584220939E+00   -.33367294561842E+00
