# Excitation spectrum ; written at 2023-10-16 14:27:36
#     Exc.     energy (Eh)   energy (eV)   energy (cm-1)   energy (nm)     Osc.(vel)      Osc.(len) 
       1 a1       0.129775       3.53137       28482.382       351.094     0.21609274     0.12964310
       2 a1       0.179835       4.89357       39469.285       253.362     0.05519321     0.03608261
       3 a1       0.233397       6.35107       51224.818       195.218     0.14336671     0.12614286
       4 a1       0.251032       6.83094       55095.210       181.504     0.01432168     0.00729754
       5 a1       0.273817       7.45093       60095.820       166.401     0.10451026     0.09442508
       6 a1       0.276854       7.53358       60762.383       164.576     0.08864268     0.08959203
       7 a1       0.282117       7.67678       61917.423       161.505     0.34355511     0.32603508
       8 a1       0.302227       8.22402       66331.186       150.759     0.07186955     0.06271929
       9 a1       0.306189       8.33183       67200.768       148.808     0.00001476     0.00025930
      10 a1       0.314996       8.57149       69133.723       144.647     0.56154756     0.46629603
       1 a2       0.098873       2.69048       21700.200       460.825     0.00000000     0.00000000
       2 a2       0.167415       4.55558       36743.236       272.159     0.00000000     0.00000000
       3 a2       0.238507       6.49011       52346.281       191.036     0.00000000     0.00000000
       4 a2       0.282928       7.69886       62095.459       161.042     0.00000000     0.00000000
       5 a2       0.285519       7.76938       62664.283       159.581     0.00000000     0.00000000
       6 a2       0.294769       8.02108       64694.366       154.573     0.00000000     0.00000000
       7 a2       0.297974       8.10830       65397.812       152.910     0.00000000     0.00000000
       8 a2       0.306499       8.34026       67268.730       148.657     0.00000000     0.00000000
       9 a2       0.312419       8.50134       68567.943       145.841     0.00000000     0.00000000
      10 a2       0.326301       8.87909       71614.702       139.636     0.00000000     0.00000000
       1 b1       0.089091       2.42430       19553.284       511.423     0.00276315     0.00080793
       2 b1       0.177410       4.82758       38937.056       256.825     0.00065784     0.00118193
       3 b1       0.227213       6.18279       49867.580       200.531     0.11625417     0.07397774
       4 b1       0.245448       6.67899       53869.668       185.633     0.06656640     0.06077180
       5 b1       0.270476       7.36002       59362.565       168.456     0.00015302     0.00000002
       6 b1       0.286306       7.79078       62836.862       159.142     0.00120698     0.00109147
       7 b1       0.294239       8.00666       64578.043       154.851     0.18846584     0.14198760
       8 b1       0.298662       8.12701       65548.761       152.558     0.22647402     0.15132414
       9 b1       0.316941       8.62441       69560.545       143.760     0.07835909     0.05994283
      10 b1       0.318593       8.66935       69923.036       143.014     0.01474251     0.01685889
       1 b2       0.099496       2.70742       21836.804       457.942     1.55213243     0.91534788
       2 b2       0.212981       5.79552       46744.020       213.931     0.00078742     0.01228481
       3 b2       0.224873       6.11911       49353.971       202.618     0.12341677     0.10123717
       4 b2       0.243939       6.63793       53538.531       186.781     0.00112241     0.00117686
       5 b2       0.265058       7.21259       58173.470       171.900     0.00584798     0.00788079
       6 b2       0.278003       7.56485       61014.600       163.895     0.05225913     0.05106303
       7 b2       0.291755       7.93907       64032.926       156.170     0.08978690     0.07489399
       8 b2       0.293446       7.98507       64403.896       155.270     0.92051815     0.76693958
       9 b2       0.320786       8.72904       70404.416       142.037     0.12316949     0.09639797
      10 b2       0.324725       8.83622       71268.923       140.314     0.09569131     0.04974612
