# Electronic transition moments of , IRREP a1  electric dipole (length) / electric dipole (velocity) / magnetic dipole
 0.00000000000000E+00   0.00000000000000E+00   0.15804098214929E+01   0.00000000000000E+00   0.00000000000000E+00   0.12241209634128E+01   0.00000000000000E+00   0.00000000000000E+00   0.00000000000000E+00
 0.10105154364403E+01   0.20234049260743E+02   0.30166811236494E+01   0.00000000000000E+00   0.00000000000000E+00   0.00000000000000E+00
 0.00000000000000E+00   0.00000000000000E+00   -.67850178957335E+00   0.00000000000000E+00   0.00000000000000E+00   -.54860171187539E+00   0.00000000000000E+00   0.00000000000000E+00   0.00000000000000E+00
 0.43047640599926E+00   0.32155400200173E+01   -.61958018098750E+00   0.00000000000000E+00   0.00000000000000E+00   0.00000000000000E+00
 0.00000000000000E+00   0.00000000000000E+00   0.95989060221116E+00   0.00000000000000E+00   0.00000000000000E+00   0.90038638037698E+00   0.00000000000000E+00   0.00000000000000E+00   0.00000000000000E+00
 0.17866319913178E+00   -.60679094983156E+01   0.42997390606079E+01   0.00000000000000E+00   0.00000000000000E+00   0.00000000000000E+00
 0.00000000000000E+00   0.00000000000000E+00   -.29253500566984E+00   0.00000000000000E+00   0.00000000000000E+00   -.20881863986480E+00   0.00000000000000E+00   0.00000000000000E+00   0.00000000000000E+00
 0.37313126130034E-01   0.24073269469331E+00   -.13657047676142E+01   0.00000000000000E+00   0.00000000000000E+00   0.00000000000000E+00
 0.00000000000000E+00   0.00000000000000E+00   0.75665014490357E+00   0.00000000000000E+00   0.00000000000000E+00   0.71921600625895E+00   0.00000000000000E+00   0.00000000000000E+00   0.00000000000000E+00
 0.58540695420945E+00   -.18567463871291E+01   0.43759073373648E+01   0.00000000000000E+00   0.00000000000000E+00   0.00000000000000E+00
 0.00000000000000E+00   0.00000000000000E+00   0.69301372101937E+00   0.00000000000000E+00   0.00000000000000E+00   0.69671486365371E+00   0.00000000000000E+00   0.00000000000000E+00   0.00000000000000E+00
 -.64057262054512E+00   -.22028773362244E+01   -.30156518702647E+01   0.00000000000000E+00   0.00000000000000E+00   0.00000000000000E+00
 0.00000000000000E+00   0.00000000000000E+00   -.13515420491024E+01   0.00000000000000E+00   0.00000000000000E+00   -.13166293150241E+01   0.00000000000000E+00   0.00000000000000E+00   0.00000000000000E+00
 0.58816011210154E+00   -.12608117395806E+01   -.37465157992762E+01   0.00000000000000E+00   0.00000000000000E+00   0.00000000000000E+00
 0.00000000000000E+00   0.00000000000000E+00   -.59724341848565E+00   0.00000000000000E+00   0.00000000000000E+00   -.55792969110273E+00   0.00000000000000E+00   0.00000000000000E+00   0.00000000000000E+00
 0.94843688795806E-01   -.14859752830477E+02   -.57246194402030E+00   0.00000000000000E+00   0.00000000000000E+00   0.00000000000000E+00
 0.00000000000000E+00   0.00000000000000E+00   0.85027627928475E-02   0.00000000000000E+00   0.00000000000000E+00   0.35641185093943E-01   0.00000000000000E+00   0.00000000000000E+00   0.00000000000000E+00
 -.17018787430026E+00   0.67201311046993E+00   0.12306980710559E+01   0.00000000000000E+00   0.00000000000000E+00   0.00000000000000E+00
 0.00000000000000E+00   0.00000000000000E+00   -.16352572827961E+01   0.00000000000000E+00   0.00000000000000E+00   -.14901283540275E+01   0.00000000000000E+00   0.00000000000000E+00   0.00000000000000E+00
 0.67327412845735E+00   -.35686322712469E+00   -.15469372254718E+01   0.00000000000000E+00   0.00000000000000E+00   0.00000000000000E+00
# Electronic transition moments of , IRREP a2  electric dipole (length) / electric dipole (velocity) / magnetic dipole
 0.00000000000000E+00   0.00000000000000E+00   0.00000000000000E+00   0.00000000000000E+00   0.00000000000000E+00   0.00000000000000E+00   0.00000000000000E+00   0.00000000000000E+00   -.11496292280994E-02
 0.00000000000000E+00   0.00000000000000E+00   0.00000000000000E+00   0.35841958337072E+00   0.00000000000000E+00   0.00000000000000E+00
 0.00000000000000E+00   0.00000000000000E+00   0.00000000000000E+00   0.00000000000000E+00   0.00000000000000E+00   0.00000000000000E+00   0.00000000000000E+00   0.00000000000000E+00   -.12204262916248E-02
 0.00000000000000E+00   0.00000000000000E+00   0.00000000000000E+00   0.46421118399138E+00   0.00000000000000E+00   0.00000000000000E+00
 0.00000000000000E+00   0.00000000000000E+00   0.00000000000000E+00   0.00000000000000E+00   0.00000000000000E+00   0.00000000000000E+00   0.00000000000000E+00   0.00000000000000E+00   -.93432372509599E-02
 0.00000000000000E+00   0.00000000000000E+00   0.00000000000000E+00   0.53417346144075E+01   0.00000000000000E+00   0.00000000000000E+00
 0.00000000000000E+00   0.00000000000000E+00   0.00000000000000E+00   0.00000000000000E+00   0.00000000000000E+00   0.00000000000000E+00   0.00000000000000E+00   0.00000000000000E+00   0.66729568714617E-02
 0.00000000000000E+00   0.00000000000000E+00   0.00000000000000E+00   -.33705539787194E+01   0.00000000000000E+00   0.00000000000000E+00
 0.00000000000000E+00   0.00000000000000E+00   0.00000000000000E+00   0.00000000000000E+00   0.00000000000000E+00   0.00000000000000E+00   0.00000000000000E+00   0.00000000000000E+00   -.23282795015855E-02
 0.00000000000000E+00   0.00000000000000E+00   0.00000000000000E+00   0.19325007898973E+01   0.00000000000000E+00   0.00000000000000E+00
 0.00000000000000E+00   0.00000000000000E+00   0.00000000000000E+00   0.00000000000000E+00   0.00000000000000E+00   0.00000000000000E+00   0.00000000000000E+00   0.00000000000000E+00   0.11691317504806E-02
 0.00000000000000E+00   0.00000000000000E+00   0.00000000000000E+00   -.79408919845526E+00   0.00000000000000E+00   0.00000000000000E+00
 0.00000000000000E+00   0.00000000000000E+00   0.00000000000000E+00   0.00000000000000E+00   0.00000000000000E+00   0.00000000000000E+00   0.00000000000000E+00   0.00000000000000E+00   -.22757966889043E-02
 0.00000000000000E+00   0.00000000000000E+00   0.00000000000000E+00   0.52186585149981E+00   0.00000000000000E+00   0.00000000000000E+00
 0.00000000000000E+00   0.00000000000000E+00   0.00000000000000E+00   0.00000000000000E+00   0.00000000000000E+00   0.00000000000000E+00   0.00000000000000E+00   0.00000000000000E+00   -.48761663657401E-02
 0.00000000000000E+00   0.00000000000000E+00   0.00000000000000E+00   0.32264887413484E+01   0.00000000000000E+00   0.00000000000000E+00
 0.00000000000000E+00   0.00000000000000E+00   0.00000000000000E+00   0.00000000000000E+00   0.00000000000000E+00   0.00000000000000E+00   0.00000000000000E+00   0.00000000000000E+00   -.61029411180054E-02
 0.00000000000000E+00   0.00000000000000E+00   0.00000000000000E+00   0.31378879639412E+01   0.00000000000000E+00   0.00000000000000E+00
 0.00000000000000E+00   0.00000000000000E+00   0.00000000000000E+00   0.00000000000000E+00   0.00000000000000E+00   0.00000000000000E+00   0.00000000000000E+00   0.00000000000000E+00   -.55415970357011E-02
 0.00000000000000E+00   0.00000000000000E+00   0.00000000000000E+00   0.33820020456649E+01   0.00000000000000E+00   0.00000000000000E+00
# Electronic transition moments of , IRREP b1  electric dipole (length) / electric dipole (velocity) / magnetic dipole
 0.21568995379797E+00   0.00000000000000E+00   0.00000000000000E+00   0.11663111663105E+00   0.00000000000000E+00   0.00000000000000E+00   0.00000000000000E+00   -.39257717601583E-02   0.00000000000000E+00
 0.00000000000000E+00   0.00000000000000E+00   0.00000000000000E+00   0.00000000000000E+00   -.11094390995267E+01   0.00000000000000E+00
 0.74579251360606E-01   0.00000000000000E+00   0.00000000000000E+00   0.99966160936074E-01   0.00000000000000E+00   0.00000000000000E+00   0.00000000000000E+00   0.16364713044501E-02   0.00000000000000E+00
 0.00000000000000E+00   0.00000000000000E+00   0.00000000000000E+00   0.00000000000000E+00   0.65148286822489E+00   0.00000000000000E+00
 0.87605810117990E+00   0.00000000000000E+00   0.00000000000000E+00   0.69884228978194E+00   0.00000000000000E+00   0.00000000000000E+00   0.00000000000000E+00   0.48686753169210E-02   0.00000000000000E+00
 0.00000000000000E+00   0.00000000000000E+00   0.00000000000000E+00   0.00000000000000E+00   0.26007747223893E+01   0.00000000000000E+00
 -.63781271589407E+00   0.00000000000000E+00   0.00000000000000E+00   -.60941996322726E+00   0.00000000000000E+00   0.00000000000000E+00   0.00000000000000E+00   -.24224904530152E-02   0.00000000000000E+00
 0.00000000000000E+00   0.00000000000000E+00   0.00000000000000E+00   0.00000000000000E+00   -.13006606634712E+01   0.00000000000000E+00
 -.29131438342211E-01   0.00000000000000E+00   0.00000000000000E+00   0.32876471694469E-03   0.00000000000000E+00   0.00000000000000E+00   0.00000000000000E+00   -.47614204331874E-03   0.00000000000000E+00
 0.00000000000000E+00   0.00000000000000E+00   0.00000000000000E+00   0.00000000000000E+00   -.14148421720499E+00   0.00000000000000E+00
 -.79520724427961E-01   0.00000000000000E+00   0.00000000000000E+00   -.75619911756985E-01   0.00000000000000E+00   0.00000000000000E+00   0.00000000000000E+00   -.20259806406416E-02   0.00000000000000E+00
 0.00000000000000E+00   0.00000000000000E+00   0.00000000000000E+00   0.00000000000000E+00   -.49841344540986E+00   0.00000000000000E+00
 -.98019316270029E+00   0.00000000000000E+00   0.00000000000000E+00   -.85078644706921E+00   0.00000000000000E+00   0.00000000000000E+00   0.00000000000000E+00   -.62480025852252E-03   0.00000000000000E+00
 0.00000000000000E+00   0.00000000000000E+00   0.00000000000000E+00   0.00000000000000E+00   -.39737932828796E+00   0.00000000000000E+00
 0.10665095465736E+01   0.00000000000000E+00   0.00000000000000E+00   0.87178552486496E+00   0.00000000000000E+00   0.00000000000000E+00   0.00000000000000E+00   -.15054564076354E-02   0.00000000000000E+00
 0.00000000000000E+00   0.00000000000000E+00   0.00000000000000E+00   0.00000000000000E+00   0.73761426453290E-01   0.00000000000000E+00
 0.60897713237859E+00   0.00000000000000E+00   0.00000000000000E+00   0.53262912939781E+00   0.00000000000000E+00   0.00000000000000E+00   0.00000000000000E+00   0.26360857206432E-02   0.00000000000000E+00
 0.00000000000000E+00   0.00000000000000E+00   0.00000000000000E+00   0.00000000000000E+00   0.36491514301774E+00   0.00000000000000E+00
 0.26345919082586E+00   0.00000000000000E+00   0.00000000000000E+00   0.28173584135114E+00   0.00000000000000E+00   0.00000000000000E+00   0.00000000000000E+00   0.53505766187551E-03   0.00000000000000E+00
 0.00000000000000E+00   0.00000000000000E+00   0.00000000000000E+00   0.00000000000000E+00   0.42267853139363E+00   0.00000000000000E+00
# Electronic transition moments of , IRREP b2  electric dipole (length) / electric dipole (velocity) / magnetic dipole
 0.00000000000000E+00   -.48373513924142E+01   0.00000000000000E+00   0.00000000000000E+00   -.37148077207695E+01   0.00000000000000E+00   0.12509007590860E-02   0.00000000000000E+00   0.00000000000000E+00
 0.00000000000000E+00   0.00000000000000E+00   0.00000000000000E+00   0.00000000000000E+00   0.00000000000000E+00   -.10477301466755E+02
 0.00000000000000E+00   0.74469307042302E-01   0.00000000000000E+00   0.00000000000000E+00   0.29414330429912E+00   0.00000000000000E+00   -.37433658516366E-02   0.00000000000000E+00   0.00000000000000E+00
 0.00000000000000E+00   0.00000000000000E+00   0.00000000000000E+00   0.00000000000000E+00   0.00000000000000E+00   -.32836734691728E+01
 0.00000000000000E+00   0.90732699946283E+00   0.00000000000000E+00   0.00000000000000E+00   0.82176329693133E+00   0.00000000000000E+00   -.71361388404026E-02   0.00000000000000E+00   0.00000000000000E+00
 0.00000000000000E+00   0.00000000000000E+00   0.00000000000000E+00   0.00000000000000E+00   0.00000000000000E+00   -.18554437211996E+01
 0.00000000000000E+00   0.83076998451681E-01   0.00000000000000E+00   0.00000000000000E+00   0.85068148596052E-01   0.00000000000000E+00   0.39146623192581E-02   0.00000000000000E+00   0.00000000000000E+00
 0.00000000000000E+00   0.00000000000000E+00   0.00000000000000E+00   0.00000000000000E+00   0.00000000000000E+00   0.12791593736971E+01
 0.00000000000000E+00   0.18191906635418E+00   0.00000000000000E+00   0.00000000000000E+00   0.21118366431959E+00   0.00000000000000E+00   -.23198654087951E-02   0.00000000000000E+00   0.00000000000000E+00
 0.00000000000000E+00   0.00000000000000E+00   0.00000000000000E+00   0.00000000000000E+00   0.00000000000000E+00   -.14657794753920E+00
 0.00000000000000E+00   0.53100915523555E+00   0.00000000000000E+00   0.00000000000000E+00   0.52489712009722E+00   0.00000000000000E+00   -.11061770268955E-02   0.00000000000000E+00   0.00000000000000E+00
 0.00000000000000E+00   0.00000000000000E+00   0.00000000000000E+00   0.00000000000000E+00   0.00000000000000E+00   0.17207739768657E+00
 0.00000000000000E+00   0.67942669965951E+00   0.00000000000000E+00   0.00000000000000E+00   0.62052546452010E+00   0.00000000000000E+00   0.81167058410196E-02   0.00000000000000E+00   0.00000000000000E+00
 0.00000000000000E+00   0.00000000000000E+00   0.00000000000000E+00   0.00000000000000E+00   0.00000000000000E+00   0.57028092713721E+01
 0.00000000000000E+00   -.21691915419629E+01   0.00000000000000E+00   0.00000000000000E+00   -.19799868168404E+01   0.00000000000000E+00   0.29346464663599E-02   0.00000000000000E+00   0.00000000000000E+00
 0.00000000000000E+00   0.00000000000000E+00   0.00000000000000E+00   0.00000000000000E+00   0.00000000000000E+00   -.45447231291463E+01
 0.00000000000000E+00   -.75890849152757E+00   0.00000000000000E+00   0.00000000000000E+00   -.67138522589548E+00   0.00000000000000E+00   0.21042038160000E-02   0.00000000000000E+00   0.00000000000000E+00
 0.00000000000000E+00   0.00000000000000E+00   0.00000000000000E+00   0.00000000000000E+00   0.00000000000000E+00   -.21992104529077E+01
 0.00000000000000E+00   -.66485040703207E+00   0.00000000000000E+00   0.00000000000000E+00   -.47936606707827E+00   0.00000000000000E+00   0.11048989250283E-02   0.00000000000000E+00   0.00000000000000E+00
 0.00000000000000E+00   0.00000000000000E+00   0.00000000000000E+00   0.00000000000000E+00   0.00000000000000E+00   0.23055990399915E+01
