#----------------------------------------------------------------------
# Basis Set Exchange
# Version v0.9.1
# https://www.basissetexchange.org
#----------------------------------------------------------------------
#   Basis set: def2-TZVPD
# Description: def2-TZVPD
#        Role: orbital
#     Version: 1  (Data from Turbomole 7.3)
#----------------------------------------------------------------------


# Hydrogen def2-TZVPD (5s,2p) -> [3s,2p]
H def2-TZVPD
    5
1 0 0 3 1
     34.0613410              0.60251978E-02
      5.1235746              0.45021094E-01
      1.1646626              0.20189726
1 0 0 1 1
      0.32723041             1.0000000
1 0 0 1 1
      0.10307241             1.0000000
1 1 1 1 1
      0.8000000              1.0000000
1 1 1 1 1
      0.95774129632E-01      1.0000000

# Carbon def2-TZVPD (12s,6p,3d,1f) -> [6s,3p,3d,1f]
C def2-TZVPD
    13
1 0 0 6 1
  13575.3496820              0.22245814352E-03
   2035.2333680              0.17232738252E-02
    463.22562359             0.89255715314E-02
    131.20019598             0.35727984502E-01
     42.853015891            0.11076259931
     15.584185766            0.24295627626
1 0 0 2 1
      6.2067138508           0.41440263448
      2.5764896527           0.23744968655
1 0 0 1 1
      0.57696339419          1.0000000
1 0 0 1 1
      0.22972831358          1.0000000
1 0 0 1 1
      0.95164440028E-01      1.0000000
1 0 0 1 1
      0.48475401370E-01      1.0000000
1 1 1 4 1
     34.697232244            0.53333657805E-02
      7.9582622826           0.35864109092E-01
      2.3780826883           0.14215873329
      0.81433208183          0.34270471845
1 1 1 1 1
      0.28887547253           .46445822433
1 1 1 1 1
      0.10056823671           .24955789874
1 2 2 1 1
      1.09700000             1.0000000
1 2 2 1 1
      0.31800000             1.0000000
1 2 2 1 1
      0.90985336424E-01      1.0000000
1 3 3 1 1
      0.76100000             1.0000000

# Nitrogen def2-TZVPD (12s,6p,3d,1f) -> [6s,3p,3d,1f]
N def2-TZVPD
    13
1 0 0 6 1
  19730.8006470              0.21887984991E-03
   2957.8958745              0.16960708803E-02
    673.22133595             0.87954603538E-02
    190.68249494             0.35359382605E-01
     62.295441898            0.11095789217
     22.654161182            0.24982972552
1 0 0 2 1
      8.9791477428           0.40623896148
      3.6863002370           0.24338217176
1 0 0 1 1
      0.84660076805          1.0000000
1 0 0 1 1
      0.33647133771          1.0000000
1 0 0 1 1
      0.13647653675          1.0000000
1 0 0 1 1
      0.68441605847E-01      1.0000000
1 1 1 4 1
     49.200380510            0.55552416751E-02
     11.346790537            0.38052379723E-01
      3.4273972411           0.14953671029
      1.1785525134           0.34949305230
1 1 1 1 1
      0.41642204972           .45843153697
1 1 1 1 1
      0.14260826011           .24428771672
1 2 2 1 1
      1.65400000             1.0000000
1 2 2 1 1
      0.46900000             1.0000000
1 2 2 1 1
      0.12829642058          1.0000000
1 3 3 1 1
      1.09300000             1.0000000

# Oxygen def2-TZVPD (12s,7p,3d,1f) -> [6s,4p,3d,1f]
O def2-TZVPD
    14
1 0 0 6 1
  27032.3826310              0.21726302465E-03
   4052.3871392              0.16838662199E-02
    922.32722710             0.87395616265E-02
    261.24070989             0.35239968808E-01
     85.354641351            0.11153519115
     31.035035245            0.25588953961
1 0 0 2 1
     12.260860728            0.39768730901
      4.9987076005           0.24627849430
1 0 0 1 1
      1.1703108158           1.0000000
1 0 0 1 1
      0.46474740994          1.0000000
1 0 0 1 1
      0.18504536357          1.0000000
1 0 0 1 1
      0.70288026270E-01      1.0000000
1 1 1 4 1
     63.274954801            0.60685103418E-02
     14.627049379            0.41912575824E-01
      4.4501223456           0.16153841088
      1.5275799647           0.35706951311
1 1 1 1 1
      0.52935117943           .44794207502
1 1 1 1 1
      0.17478421270           .24446069663
1 1 1 1 1
      0.51112745706E-01      1.0000000
1 2 2 1 1
      2.31400000             1.0000000
1 2 2 1 1
      0.64500000             1.0000000
1 2 2 1 1
      0.14696477366          1.0000000
1 3 3 1 1
      1.42800000             1.0000000

# Sulfur def2-TZVPPD (15s,10p,4d,1f) -> [6s,6p,4d,1f]
S def2-TZVPPD
    17
1 0 0 7 1
  60700.9281040              0.54695944225E-03
   9102.6106854              0.42297224557E-02
   2071.4166009              0.21747824159E-01
    586.02476821             0.85100053589E-01
    190.55395021             0.24799128459
     67.630384260            0.46703640406
     25.127306905            0.36434587550
1 0 0 3 1
    112.57463010             0.21670040240E-01
     34.795554217            0.93602301760E-01
      6.5115556215          -0.26068001422
1 0 0 2 1
      3.2399032261           1.2842089435
      1.5477160881           0.66036416584
1 0 0 1 1
      0.40541030112          1.0000000
1 0 0 1 1
      0.14550651059          1.0000000
1 0 0 1 1
      0.50178839540E-01      1.0000000
1 1 1 5 1
    564.36716027             0.24796796317E-02
    133.42624379             0.19677930250E-01
     42.468271189            0.89980008258E-01
     15.616527580            0.25705880575
      6.1093988469           0.43515167292
1 1 1 1 1
      2.4404160198            .34883240595
1 1 1 1 1
      0.83882201296          1.0000000
1 1 1 1 1
      0.31288746900          1.0000000
1 1 1 1 1
      0.10770109004          1.0000000
1 1 1 1 1
      0.30359833649E-01      1.0000000
1 2 2 1 1
      3.75600000             1.0000000
1 2 2 1 1
      0.812000000            1.0000000
1 2 2 1 1
      0.273000000            1.0000000
1 2 2 1 1
      0.81547024970E-01      1.0000000
1 3 3 1 1
      0.557000000            1.0000000



