$coord
   -1.34851448338863      0.00000000000000     -0.36723388961603      c
    1.34851448338863      0.00000000000000     -0.36723388961603      c
   -2.65971822391687      0.00000000000000      1.96258750257462      c
   -1.33705868509495      0.00000000000000      4.19230117315912      c
    1.33705868509495      0.00000000000000      4.19230117315912      c
    2.65971822391687      0.00000000000000      1.96258750257462      c
    2.67165470901873      0.00000000000000     -2.57471219665714      n
   -2.67165470901873      0.00000000000000     -2.57471219665714      n
   -1.33982622287598      0.00000000000000     -4.66308312106370      c
    1.33982622287598      0.00000000000000     -4.66308312106370      c
   -2.36641045681830      0.00000000000000     -6.44056554609743      h
    2.36641045681830      0.00000000000000     -6.44056554609743      h
   -4.70524644823694      0.00000000000000      1.91415745880144      h
   -2.34078893790078      0.00000000000000      5.97654861889909      h
    2.34078893790078      0.00000000000000      5.97654861889909      h
    4.70524644823694      0.00000000000000      1.91415745880144      h
$redundant
     number_of_atoms            16
     degrees_of_freedom         15
     internal_coordinates       15
     frozen_coordinates          0
# definitions of redundant internals
   1 k  1.0000000000000 stre    9   11           val=   2.05264
   2 k  1.0000000000000 stre    3   13           val=   2.04610
   3 k  1.0000000000000 stre    1    8           val=   2.57365
   4 k  1.0000000000000 stre    9   10           val=   2.67965
   5 k  1.0000000000000 stre    1    2           val=   2.69703
   6 k  1.0000000000000 stre   10    7           val=   2.47691
   7 k  1.0000000000000 stre    1    3           val=   2.67345
   8 k  1.0000000000000 stre    4    5           val=   2.67412
   9 k  1.0000000000000 stre    4   14           val=   2.04720
  10 k  1.0000000000000 stre    3    4           val=   2.59250
  11 k  0.7071067811865 bend    4   13    3      val=   2.00921
       -0.7071067811865 bend    1   13    3
  12 k  0.7071067811865 bend    8   11    9      val=  -1.27212
       -0.7071067811865 bend   10   11    9
  13 k  0.7071067811865 bend    3   14    4      val=   0.30188
       -0.7071067811865 bend    5   14    4
  14 k -0.5000000000000 bend    2    8    1      val=   1.29943
       -0.5000000000000 bend    1    9    8
        1.0000000000000 bend    8   10    9
       -0.5000000000000 bend    9    7   10
       -0.5000000000000 bend   10    2    7
        1.0000000000000 bend    7    1    2
  15 k  0.8660254037844 bend    2    3    1      val=   0.03505
       -0.8660254037844 bend    1    4    3
        0.8660254037844 bend    4    6    5
       -0.8660254037844 bend    5    2    6
        15 non zero eigenvalues  of BmBt
           1           4.204468312    1    0
         1
           2           3.964380332    2    0
         2
           3           3.531782582    3    0
         3
           4           3.228147001    4    0
         4
           5           2.698545220    5    0
         5
           6           2.404749194    6    0
         6
           7           1.863405178    7    0
         7
           8           1.517880691    8    0
         8
           9           0.828841071    9    0
         9
          10           0.661484094   10    0
        10
          11           0.384848184   11    0
        11
          12           0.339904813   12    0
        12
          13           0.327399577   13    0
        13
          14           0.268060855   14    0
        14
          15           0.139498459   15    0
        15
$user-defined bonds
$end
