# Excitation spectrum ; written at 2023-10-05 11:11:40
#     Exc.     energy (Eh)   energy (eV)   energy (cm-1)   energy (nm)     Osc.(vel)      Osc.(len) 
       1 a1       0.159646       4.34418       35038.201       285.403     0.38032217     0.38233967
       2 a1       0.254217       6.91760       55794.199       179.230     0.09311923     0.09283367
       3 a1       0.260740       7.09511       57225.886       174.746     0.01916696     0.01895528
       4 a1       0.270575       7.36273       59384.432       168.394     0.11844899     0.11539903
       5 a1       0.303682       8.26360       66650.457       150.036     0.01563091     0.01823198
       6 a1       0.306400       8.33758       67247.127       148.705     0.29401807     0.29983088
       7 a1       0.352974       9.60491       77468.791       129.084     0.07429113     0.07538989
       8 a1       0.377369      10.26873       82822.894       120.740     0.07331925     0.07454965
       9 a1       0.387255      10.53775       84992.691       117.657     0.01197837     0.01097251
      10 a1       0.392447      10.67901       86132.056       116.101     0.00792536     0.01006815
       1 a2       0.087766       2.38825       19262.509       519.143     0.00000000     0.00000000
       2 a2       0.259050       7.04910       56854.838       175.887     0.00000000     0.00000000
       3 a2       0.269614       7.33656       59173.378       168.995     0.00000000     0.00000000
       4 a2       0.273883       7.45275       60110.458       166.360     0.00000000     0.00000000
       5 a2       0.279684       7.61060       61383.618       162.910     0.00000000     0.00000000
       6 a2       0.317230       8.63228       69624.022       143.629     0.00000000     0.00000000
       7 a2       0.321231       8.74114       70502.089       141.840     0.00000000     0.00000000
       8 a2       0.332711       9.05354       73021.723       136.946     0.00000000     0.00000000
       9 a2       0.342848       9.32936       75246.338       132.897     0.00000000     0.00000000
      10 a2       0.355159       9.66437       77948.374       128.290     0.00000000     0.00000000
       1 b1       0.165292       4.49784       36277.497       275.653     0.00072432     0.00066177
       2 b1       0.212437       5.78070       46624.493       214.480     0.08748446     0.08998743
       3 b1       0.232388       6.32361       51003.361       196.066     0.00294258     0.00415813
       4 b1       0.261559       7.11739       57405.606       174.199     0.00188319     0.00207592
       5 b1       0.284538       7.74267       62448.868       160.131     0.03115123     0.03594653
       6 b1       0.287372       7.81978       63070.777       158.552     0.01248439     0.01517406
       7 b1       0.303364       8.25494       66580.610       150.194     0.21725608     0.22271618
       8 b1       0.323399       8.80015       70977.965       140.889     0.00008345     0.00047820
       9 b1       0.342735       9.32630       75221.701       132.940     0.03159776     0.04001496
      10 b1       0.369251      10.04783       81041.234       123.394     0.02848284     0.02708144
       1 b2       0.146044       3.97407       32053.048       311.983     0.00010980     0.00051862
       2 b2       0.233063       6.34197       51151.467       195.498     0.00937875     0.00855555
       3 b2       0.247364       6.73112       54290.161       184.195     0.00026986     0.00087348
       4 b2       0.273110       7.43171       59940.796       166.831     0.00007976     0.00001371
       5 b2       0.290988       7.91819       63864.503       156.582     0.00141539     0.00080753
       6 b2       0.299578       8.15194       65749.857       152.092     0.00288347     0.00509608
       7 b2       0.309187       8.41342       67858.801       147.365     0.00468435     0.00462556
       8 b2       0.311256       8.46970       68312.738       146.386     0.00178503     0.00202892
       9 b2       0.344197       9.36607       75542.453       132.376     0.00151162     0.00155924
      10 b2       0.347193       9.44759       76199.976       131.234     0.01837058     0.01971373
# Excitation spectrum ; written at 2023-10-16 13:25:45
#     Exc.     energy (Eh)   energy (eV)   energy (cm-1)   energy (nm)     Osc.(vel)      Osc.(len) 
       1 a1       0.176710       4.80854       38783.451       257.842     0.00883076     0.58854282
       2 a1       0.260413       7.08620       57154.087       174.966     0.00043229     0.02394266
       3 a1       0.261407       7.11325       57372.195       174.300     0.01844277     0.14032946
       4 a1       0.273653       7.44649       60059.989       166.500     0.01218277     0.12135955
       5 a1       0.305008       8.29969       66941.546       149.384     0.00275190     0.04828934
       6 a1       0.327413       8.90937       71858.933       139.162     0.05050539     0.68113625
       7 a1       0.353527       9.61995       77590.113       128.882     0.04482966     0.07502900
       8 a1       0.378505      10.29964       83072.214       120.377     0.02544632     0.09944121
       9 a1       0.389815      10.60741       85554.498       116.885     0.01622530     0.00199455
      10 a1       0.394115      10.72442       86498.246       115.609     0.01580667     0.03431352
       1 a2       0.088576       2.41029       19440.265       514.396     0.00000000     0.00000000
       2 a2       0.259165       7.05225       56880.208       175.808     0.00000000     0.00000000
       3 a2       0.269974       7.34637       59252.465       168.769     0.00000000     0.00000000
       4 a2       0.273944       7.45440       60123.784       166.324     0.00000000     0.00000000
       5 a2       0.279927       7.61720       61436.867       162.769     0.00000000     0.00000000
       6 a2       0.317365       8.63595       69653.604       143.568     0.00000000     0.00000000
       7 a2       0.321309       8.74328       70519.269       141.805     0.00000000     0.00000000
       8 a2       0.332843       9.05712       73050.571       136.891     0.00000000     0.00000000
       9 a2       0.343491       9.34688       75387.663       132.648     0.00000000     0.00000000
      10 a2       0.355382       9.67043       77997.245       128.210     0.00000000     0.00000000
       1 b1       0.167656       4.56216       36796.282       271.767     0.00064941     0.00130270
       2 b1       0.219035       5.96025       48072.668       208.018     0.00013772     0.12208458
       3 b1       0.233554       6.35532       51259.130       195.087     0.00161258     0.00319989
       4 b1       0.261787       7.12359       57455.595       174.047     0.00010167     0.00257616
       5 b1       0.284778       7.74919       62501.465       159.996     0.02559793     0.04558083
       6 b1       0.288797       7.85856       63383.524       157.770     0.05049835     0.01213470
       7 b1       0.308506       8.39489       67709.343       147.690     0.04333133     0.28260462
       8 b1       0.323503       8.80295       71000.593       140.844     0.00092717     0.00010348
       9 b1       0.343072       9.33547       75295.667       132.810     0.01811429     0.04715777
      10 b1       0.373996      10.17696       82082.685       121.828     0.01274112     0.04549049
       1 b2       0.146264       3.98004       32101.207       311.515     0.00336627     0.00041775
       2 b2       0.234685       6.38611       51507.423       194.147     0.00005749     0.01105835
       3 b2       0.247802       6.74303       54386.220       183.870     0.00111632     0.00058712
       4 b2       0.273497       7.44224       60025.752       166.595     0.01056871     0.00011606
       5 b2       0.292277       7.95327       64147.449       155.891     0.00009116     0.00095894
       6 b2       0.299836       8.15896       65806.482       151.961     0.00015987     0.00641443
       7 b2       0.309583       8.42419       67945.664       147.176     0.01091157     0.00427104
       8 b2       0.311954       8.48871       68466.047       146.058     0.00000010     0.00283892
       9 b2       0.344573       9.37630       75624.996       132.231     0.00110961     0.00296414
      10 b2       0.347894       9.46667       76353.810       130.969     0.03114174     0.01952723
