# Electronic transition moments of , IRREP a1  electric dipole (length) / electric dipole (velocity) / magnetic dipole
 0.00000000000000E+00   0.00000000000000E+00   0.18903521492559E+01   0.00000000000000E+00   0.00000000000000E+00   0.18953594062945E+01   0.00000000000000E+00   0.00000000000000E+00   0.00000000000000E+00
 0.18822209666541E+01   -.46815125890729E+00   -.81998815215793E+01   0.00000000000000E+00   0.00000000000000E+00   0.00000000000000E+00
 0.00000000000000E+00   0.00000000000000E+00   0.74124702532459E+00   0.00000000000000E+00   0.00000000000000E+00   0.74010957500142E+00   0.00000000000000E+00   0.00000000000000E+00   0.00000000000000E+00
 -.10778856456693E+00   -.23241551187150E+00   -.19486336220166E+01   0.00000000000000E+00   0.00000000000000E+00   0.00000000000000E+00
 0.00000000000000E+00   0.00000000000000E+00   -.33206118761252E+00   0.00000000000000E+00   0.00000000000000E+00   -.33022250618977E+00   0.00000000000000E+00   0.00000000000000E+00   0.00000000000000E+00
 0.70918971846916E+00   0.40641755644865E-01   0.47126865640535E+00   0.00000000000000E+00   0.00000000000000E+00   0.00000000000000E+00
 0.00000000000000E+00   0.00000000000000E+00   -.81033980997369E+00   0.00000000000000E+00   0.00000000000000E+00   -.79983897341631E+00   0.00000000000000E+00   0.00000000000000E+00   0.00000000000000E+00
 -.51146894132385E+00   0.24900245311929E+00   0.11239272644640E+01   0.00000000000000E+00   0.00000000000000E+00   0.00000000000000E+00
 0.00000000000000E+00   0.00000000000000E+00   0.27786150860098E+00   0.00000000000000E+00   0.00000000000000E+00   0.30009114302986E+00   0.00000000000000E+00   0.00000000000000E+00   0.00000000000000E+00
 0.24037316247194E+01   -.69335165157757E-01   -.17233930426251E+01   0.00000000000000E+00   0.00000000000000E+00   0.00000000000000E+00
 0.00000000000000E+00   0.00000000000000E+00   -.11997422011175E+01   0.00000000000000E+00   0.00000000000000E+00   -.12115437601122E+01   0.00000000000000E+00   0.00000000000000E+00   0.00000000000000E+00
 0.15948141560959E+00   -.24104519020459E+00   -.18284308207007E+01   0.00000000000000E+00   0.00000000000000E+00   0.00000000000000E+00
 0.00000000000000E+00   0.00000000000000E+00   0.56187909838766E+00   0.00000000000000E+00   0.00000000000000E+00   0.56601894359471E+00   0.00000000000000E+00   0.00000000000000E+00   0.00000000000000E+00
 -.37464316964828E+00   -.60799689896000E-01   -.33285601948052E+01   0.00000000000000E+00   0.00000000000000E+00   0.00000000000000E+00
 0.00000000000000E+00   0.00000000000000E+00   -.53984813528022E+00   0.00000000000000E+00   0.00000000000000E+00   -.54435896938547E+00   0.00000000000000E+00   0.00000000000000E+00   0.00000000000000E+00
 -.28526078512901E+01   0.17582080512874E+00   0.34543132279630E+01   0.00000000000000E+00   0.00000000000000E+00   0.00000000000000E+00
 0.00000000000000E+00   0.00000000000000E+00   0.21540008559308E+00   0.00000000000000E+00   0.00000000000000E+00   0.20615792747873E+00   0.00000000000000E+00   0.00000000000000E+00   0.00000000000000E+00
 0.12976172730773E+01   0.81948999502466E+00   -.20328364454353E+01   0.00000000000000E+00   0.00000000000000E+00   0.00000000000000E+00
 0.00000000000000E+00   0.00000000000000E+00   -.17404638517480E+00   0.00000000000000E+00   0.00000000000000E+00   -.19616890454376E+00   0.00000000000000E+00   0.00000000000000E+00   0.00000000000000E+00
 -.97383820715130E+00   0.94299190830112E+00   -.40474398766018E+00   0.00000000000000E+00   0.00000000000000E+00   0.00000000000000E+00
# Electronic transition moments of , IRREP a2  electric dipole (length) / electric dipole (velocity) / magnetic dipole
 0.00000000000000E+00   0.00000000000000E+00   0.00000000000000E+00   0.00000000000000E+00   0.00000000000000E+00   0.00000000000000E+00   0.00000000000000E+00   0.00000000000000E+00   0.31487925783265E-02
 0.00000000000000E+00   0.00000000000000E+00   0.00000000000000E+00   0.65167062055231E+00   0.00000000000000E+00   0.00000000000000E+00
 0.00000000000000E+00   0.00000000000000E+00   0.00000000000000E+00   0.00000000000000E+00   0.00000000000000E+00   0.00000000000000E+00   0.00000000000000E+00   0.00000000000000E+00   -.14802074279091E-02
 0.00000000000000E+00   0.00000000000000E+00   0.00000000000000E+00   -.53815038174516E+00   0.00000000000000E+00   0.00000000000000E+00
 0.00000000000000E+00   0.00000000000000E+00   0.00000000000000E+00   0.00000000000000E+00   0.00000000000000E+00   0.00000000000000E+00   0.00000000000000E+00   0.00000000000000E+00   -.12785335891845E-03
 0.00000000000000E+00   0.00000000000000E+00   0.00000000000000E+00   -.22710101248321E+00   0.00000000000000E+00   0.00000000000000E+00
 0.00000000000000E+00   0.00000000000000E+00   0.00000000000000E+00   0.00000000000000E+00   0.00000000000000E+00   0.00000000000000E+00   0.00000000000000E+00   0.00000000000000E+00   -.10459541429868E-02
 0.00000000000000E+00   0.00000000000000E+00   0.00000000000000E+00   -.64874041660513E+00   0.00000000000000E+00   0.00000000000000E+00
 0.00000000000000E+00   0.00000000000000E+00   0.00000000000000E+00   0.00000000000000E+00   0.00000000000000E+00   0.00000000000000E+00   0.00000000000000E+00   0.00000000000000E+00   -.63993953100663E-04
 0.00000000000000E+00   0.00000000000000E+00   0.00000000000000E+00   0.15028224133793E+00   0.00000000000000E+00   0.00000000000000E+00
 0.00000000000000E+00   0.00000000000000E+00   0.00000000000000E+00   0.00000000000000E+00   0.00000000000000E+00   0.00000000000000E+00   0.00000000000000E+00   0.00000000000000E+00   0.69958018268327E-03
 0.00000000000000E+00   0.00000000000000E+00   0.00000000000000E+00   0.36136611754988E+00   0.00000000000000E+00   0.00000000000000E+00
 0.00000000000000E+00   0.00000000000000E+00   0.00000000000000E+00   0.00000000000000E+00   0.00000000000000E+00   0.00000000000000E+00   0.00000000000000E+00   0.00000000000000E+00   -.32013558533219E-02
 0.00000000000000E+00   0.00000000000000E+00   0.00000000000000E+00   -.10464420039067E+01   0.00000000000000E+00   0.00000000000000E+00
 0.00000000000000E+00   0.00000000000000E+00   0.00000000000000E+00   0.00000000000000E+00   0.00000000000000E+00   0.00000000000000E+00   0.00000000000000E+00   0.00000000000000E+00   0.10625624135277E-02
 0.00000000000000E+00   0.00000000000000E+00   0.00000000000000E+00   -.14004981074898E-01   0.00000000000000E+00   0.00000000000000E+00
 0.00000000000000E+00   0.00000000000000E+00   0.00000000000000E+00   0.00000000000000E+00   0.00000000000000E+00   0.00000000000000E+00   0.00000000000000E+00   0.00000000000000E+00   0.21651461781734E-02
 0.00000000000000E+00   0.00000000000000E+00   0.00000000000000E+00   -.16866670008082E+00   0.00000000000000E+00   0.00000000000000E+00
 0.00000000000000E+00   0.00000000000000E+00   0.00000000000000E+00   0.00000000000000E+00   0.00000000000000E+00   0.00000000000000E+00   0.00000000000000E+00   0.00000000000000E+00   -.29956452481022E-02
 0.00000000000000E+00   0.00000000000000E+00   0.00000000000000E+00   -.52520632490234E+00   0.00000000000000E+00   0.00000000000000E+00
# Electronic transition moments of , IRREP b1  electric dipole (length) / electric dipole (velocity) / magnetic dipole
 -.81074365382586E-01   0.00000000000000E+00   0.00000000000000E+00   -.77494827383777E-01   0.00000000000000E+00   0.00000000000000E+00   0.00000000000000E+00   -.56959225011222E-02   0.00000000000000E+00
 0.00000000000000E+00   0.00000000000000E+00   0.00000000000000E+00   0.00000000000000E+00   0.65219100190846E+00   0.00000000000000E+00
 -.78595228720931E+00   0.00000000000000E+00   0.00000000000000E+00   -.79711622636274E+00   0.00000000000000E+00   0.00000000000000E+00   0.00000000000000E+00   0.13865154431305E-02   0.00000000000000E+00
 0.00000000000000E+00   0.00000000000000E+00   0.00000000000000E+00   0.00000000000000E+00   -.18431401980971E+01   0.00000000000000E+00
 0.13781691409666E+00   0.00000000000000E+00   0.00000000000000E+00   0.16382779005883E+00   0.00000000000000E+00   0.00000000000000E+00   0.00000000000000E+00   -.31046593811196E-02   0.00000000000000E+00
 0.00000000000000E+00   0.00000000000000E+00   0.00000000000000E+00   0.00000000000000E+00   -.18566924347034E+01   0.00000000000000E+00
 -.10392218024119E+00   0.00000000000000E+00   0.00000000000000E+00   -.10911041702546E+00   0.00000000000000E+00   0.00000000000000E+00   0.00000000000000E+00   0.11783306673339E-02   0.00000000000000E+00
 0.00000000000000E+00   0.00000000000000E+00   0.00000000000000E+00   0.00000000000000E+00   0.14685707675861E+00   0.00000000000000E+00
 0.40524076544022E+00   0.00000000000000E+00   0.00000000000000E+00   0.43531536642166E+00   0.00000000000000E+00   0.00000000000000E+00   0.00000000000000E+00   -.45742024963987E-02   0.00000000000000E+00
 0.00000000000000E+00   0.00000000000000E+00   0.00000000000000E+00   0.00000000000000E+00   -.17273568455946E+01   0.00000000000000E+00
 -.25527451025802E+00   0.00000000000000E+00   0.00000000000000E+00   -.28143272593629E+00   0.00000000000000E+00   0.00000000000000E+00   0.00000000000000E+00   0.15442439601990E-02   0.00000000000000E+00
 0.00000000000000E+00   0.00000000000000E+00   0.00000000000000E+00   0.00000000000000E+00   0.26588478648658E+01   0.00000000000000E+00
 0.10364536353625E+01   0.00000000000000E+00   0.00000000000000E+00   0.10493969297041E+01   0.00000000000000E+00   0.00000000000000E+00   0.00000000000000E+00   -.15888657391441E-03   0.00000000000000E+00
 0.00000000000000E+00   0.00000000000000E+00   0.00000000000000E+00   0.00000000000000E+00   -.10945588701116E+01   0.00000000000000E+00
 -.19674314030020E-01   0.00000000000000E+00   0.00000000000000E+00   -.47095787311527E-01   0.00000000000000E+00   0.00000000000000E+00   0.00000000000000E+00   -.14613102665660E-03   0.00000000000000E+00
 0.00000000000000E+00   0.00000000000000E+00   0.00000000000000E+00   0.00000000000000E+00   0.85606494464143E+00   0.00000000000000E+00
 0.37187274545265E+00   0.00000000000000E+00   0.00000000000000E+00   0.41848261909562E+00   0.00000000000000E+00   0.00000000000000E+00   0.00000000000000E+00   -.52875966591044E-02   0.00000000000000E+00
 0.00000000000000E+00   0.00000000000000E+00   0.00000000000000E+00   0.00000000000000E+00   -.34782416667006E+01   0.00000000000000E+00
 -.34015467428680E+00   0.00000000000000E+00   0.00000000000000E+00   -.33168103501972E+00   0.00000000000000E+00   0.00000000000000E+00   0.00000000000000E+00   -.19520473086462E-02   0.00000000000000E+00
 0.00000000000000E+00   0.00000000000000E+00   0.00000000000000E+00   0.00000000000000E+00   0.25677621755673E+01   0.00000000000000E+00
# Electronic transition moments of , IRREP b2  electric dipole (length) / electric dipole (velocity) / magnetic dipole
 0.00000000000000E+00   -.33581084701977E-01   0.00000000000000E+00   0.00000000000000E+00   -.72983754216583E-01   0.00000000000000E+00   -.12176749569251E-03   0.00000000000000E+00   0.00000000000000E+00
 0.00000000000000E+00   0.00000000000000E+00   0.00000000000000E+00   0.00000000000000E+00   0.00000000000000E+00   0.33816170520518E+00
 0.00000000000000E+00   -.24568644407806E+00   0.00000000000000E+00   0.00000000000000E+00   -.23465656020271E+00   0.00000000000000E+00   -.26907268753827E-02   0.00000000000000E+00   0.00000000000000E+00
 0.00000000000000E+00   0.00000000000000E+00   0.00000000000000E+00   0.00000000000000E+00   0.00000000000000E+00   0.13011109089391E+01
 0.00000000000000E+00   -.40452582703785E-01   0.00000000000000E+00   0.00000000000000E+00   -.72778421184777E-01   0.00000000000000E+00   0.94898205045471E-03   0.00000000000000E+00   0.00000000000000E+00
 0.00000000000000E+00   0.00000000000000E+00   0.00000000000000E+00   0.00000000000000E+00   0.00000000000000E+00   -.26175698748755E+00
 0.00000000000000E+00   -.20929481049958E-01   0.00000000000000E+00   0.00000000000000E+00   0.86778696113935E-02   0.00000000000000E+00   0.46321813145033E-04   0.00000000000000E+00   0.00000000000000E+00
 0.00000000000000E+00   0.00000000000000E+00   0.00000000000000E+00   0.00000000000000E+00   0.00000000000000E+00   0.17626419185387E+00
 0.00000000000000E+00   -.85417437891409E-01   0.00000000000000E+00   0.00000000000000E+00   -.64519103101773E-01   0.00000000000000E+00   -.59906816147365E-02   0.00000000000000E+00   0.00000000000000E+00
 0.00000000000000E+00   0.00000000000000E+00   0.00000000000000E+00   0.00000000000000E+00   0.00000000000000E+00   0.14770091758847E+01
 0.00000000000000E+00   -.12015671811100E+00   0.00000000000000E+00   0.00000000000000E+00   -.15973816681005E+00   0.00000000000000E+00   -.16114550585592E-02   0.00000000000000E+00   0.00000000000000E+00
 0.00000000000000E+00   0.00000000000000E+00   0.00000000000000E+00   0.00000000000000E+00   0.00000000000000E+00   0.59245327097394E-01
 0.00000000000000E+00   -.15075064626975E+00   0.00000000000000E+00   0.00000000000000E+00   -.14980181232624E+00   0.00000000000000E+00   -.11655756927291E-02   0.00000000000000E+00   0.00000000000000E+00
 0.00000000000000E+00   0.00000000000000E+00   0.00000000000000E+00   0.00000000000000E+00   0.00000000000000E+00   0.18390895506208E+01
 0.00000000000000E+00   0.92749199608107E-01   0.00000000000000E+00   0.00000000000000E+00   0.98882437800794E-01   0.00000000000000E+00   -.19333741848129E-02   0.00000000000000E+00   0.00000000000000E+00
 0.00000000000000E+00   0.00000000000000E+00   0.00000000000000E+00   0.00000000000000E+00   0.00000000000000E+00   0.14555763040202E+01
 0.00000000000000E+00   0.81164138688363E-01   0.00000000000000E+00   0.00000000000000E+00   0.82432449880579E-01   0.00000000000000E+00   0.16886893513766E-02   0.00000000000000E+00   0.00000000000000E+00
 0.00000000000000E+00   0.00000000000000E+00   0.00000000000000E+00   0.00000000000000E+00   0.00000000000000E+00   -.10700684843317E+00
 0.00000000000000E+00   -.28172265206502E+00   0.00000000000000E+00   0.00000000000000E+00   -.29184000791043E+00   0.00000000000000E+00   0.24214336829283E-02   0.00000000000000E+00   0.00000000000000E+00
 0.00000000000000E+00   0.00000000000000E+00   0.00000000000000E+00   0.00000000000000E+00   0.00000000000000E+00   -.55467322585568E+00
# Electronic transition moments of , IRREP a1  electric dipole (length) / electric dipole (velocity) / magnetic dipole
 0.00000000000000E+00   0.00000000000000E+00   0.27378744294083E+00   0.00000000000000E+00   0.00000000000000E+00   -.22351341822895E+01   0.00000000000000E+00   0.00000000000000E+00   0.00000000000000E+00
 -.21172263890584E+01   0.52207908140757E+00   0.98488077321365E+01   0.00000000000000E+00   0.00000000000000E+00   0.00000000000000E+00
 0.00000000000000E+00   0.00000000000000E+00   0.49900425660701E-01   0.00000000000000E+00   0.00000000000000E+00   -.37136443269220E+00   0.00000000000000E+00   0.00000000000000E+00   0.00000000000000E+00
 -.44122105789458E+00   0.15149502532812E+00   0.15939643000651E+01   0.00000000000000E+00   0.00000000000000E+00   0.00000000000000E+00
 0.00000000000000E+00   0.00000000000000E+00   0.32531199434875E+00   0.00000000000000E+00   0.00000000000000E+00   0.89734922674021E+00   0.00000000000000E+00   0.00000000000000E+00   0.00000000000000E+00
 -.59039112493062E+00   -.23804093832308E+00   -.24113536423215E+01   0.00000000000000E+00   0.00000000000000E+00   0.00000000000000E+00
 0.00000000000000E+00   0.00000000000000E+00   0.25841523147342E+00   0.00000000000000E+00   0.00000000000000E+00   0.81560924128901E+00   0.00000000000000E+00   0.00000000000000E+00   0.00000000000000E+00
 0.64473932127898E+00   -.32675586938944E+00   -.20264721096536E+01   0.00000000000000E+00   0.00000000000000E+00   0.00000000000000E+00
 0.00000000000000E+00   0.00000000000000E+00   -.11633388880462E+00   0.00000000000000E+00   0.00000000000000E+00   -.48732148505080E+00   0.00000000000000E+00   0.00000000000000E+00   0.00000000000000E+00
 -.25641929861632E+01   0.63121736041290E-01   0.21973236505238E+01   0.00000000000000E+00   0.00000000000000E+00   0.00000000000000E+00
 0.00000000000000E+00   0.00000000000000E+00   0.48102347449160E+00   0.00000000000000E+00   0.00000000000000E+00   0.17665031128922E+01   0.00000000000000E+00   0.00000000000000E+00   0.00000000000000E+00
 0.51669807792083E-01   0.18331295359733E+00   0.76387196368779E+00   0.00000000000000E+00   0.00000000000000E+00   0.00000000000000E+00
 0.00000000000000E+00   0.00000000000000E+00   -.43613136467915E+00   0.00000000000000E+00   0.00000000000000E+00   -.56422090038621E+00   0.00000000000000E+00   0.00000000000000E+00   0.00000000000000E+00
 0.39791494082945E+00   0.91720983036285E-01   0.34202005050018E+01   0.00000000000000E+00   0.00000000000000E+00   0.00000000000000E+00
 0.00000000000000E+00   0.00000000000000E+00   -.31755750414699E+00   0.00000000000000E+00   0.00000000000000E+00   -.62775922774762E+00   0.00000000000000E+00   0.00000000000000E+00   0.00000000000000E+00
 -.30880466763580E+01   0.16804098568958E+00   0.37247602902065E+01   0.00000000000000E+00   0.00000000000000E+00   0.00000000000000E+00
 0.00000000000000E+00   0.00000000000000E+00   0.24986917525900E+00   0.00000000000000E+00   0.00000000000000E+00   0.87606947985959E-01   0.00000000000000E+00   0.00000000000000E+00   0.00000000000000E+00
 0.83237290600493E+00   0.11121755670193E+01   -.18173846028887E+01   0.00000000000000E+00   0.00000000000000E+00   0.00000000000000E+00
 0.00000000000000E+00   0.00000000000000E+00   -.24527556185791E+00   0.00000000000000E+00   0.00000000000000E+00   -.36138222161588E+00   0.00000000000000E+00   0.00000000000000E+00   0.00000000000000E+00
 -.14860042369175E+01   0.61356770425508E+00   0.31307623706169E+00   0.00000000000000E+00   0.00000000000000E+00   0.00000000000000E+00
# Electronic transition moments of , IRREP a2  electric dipole (length) / electric dipole (velocity) / magnetic dipole
 0.00000000000000E+00   0.00000000000000E+00   0.00000000000000E+00   0.00000000000000E+00   0.00000000000000E+00   0.00000000000000E+00   0.00000000000000E+00   0.00000000000000E+00   0.28783366709976E-02
 0.00000000000000E+00   0.00000000000000E+00   0.00000000000000E+00   0.73318781296742E+00   0.00000000000000E+00   0.00000000000000E+00
 0.00000000000000E+00   0.00000000000000E+00   0.00000000000000E+00   0.00000000000000E+00   0.00000000000000E+00   0.00000000000000E+00   0.00000000000000E+00   0.00000000000000E+00   -.15820378815039E-02
 0.00000000000000E+00   0.00000000000000E+00   0.00000000000000E+00   -.53055577636077E+00   0.00000000000000E+00   0.00000000000000E+00
 0.00000000000000E+00   0.00000000000000E+00   0.00000000000000E+00   0.00000000000000E+00   0.00000000000000E+00   0.00000000000000E+00   0.00000000000000E+00   0.00000000000000E+00   0.13618176247624E-03
 0.00000000000000E+00   0.00000000000000E+00   0.00000000000000E+00   0.25516831062370E+00   0.00000000000000E+00   0.00000000000000E+00
 0.00000000000000E+00   0.00000000000000E+00   0.00000000000000E+00   0.00000000000000E+00   0.00000000000000E+00   0.00000000000000E+00   0.00000000000000E+00   0.00000000000000E+00   0.11104111994134E-02
 0.00000000000000E+00   0.00000000000000E+00   0.00000000000000E+00   0.63314849789597E+00   0.00000000000000E+00   0.00000000000000E+00
 0.00000000000000E+00   0.00000000000000E+00   0.00000000000000E+00   0.00000000000000E+00   0.00000000000000E+00   0.00000000000000E+00   0.00000000000000E+00   0.00000000000000E+00   0.13288754692608E-03
 0.00000000000000E+00   0.00000000000000E+00   0.00000000000000E+00   -.15861405728876E+00   0.00000000000000E+00   0.00000000000000E+00
 0.00000000000000E+00   0.00000000000000E+00   0.00000000000000E+00   0.00000000000000E+00   0.00000000000000E+00   0.00000000000000E+00   0.00000000000000E+00   0.00000000000000E+00   0.71938340046288E-03
 0.00000000000000E+00   0.00000000000000E+00   0.00000000000000E+00   0.35898799004519E+00   0.00000000000000E+00   0.00000000000000E+00
 0.00000000000000E+00   0.00000000000000E+00   0.00000000000000E+00   0.00000000000000E+00   0.00000000000000E+00   0.00000000000000E+00   0.00000000000000E+00   0.00000000000000E+00   0.31963384973704E-02
 0.00000000000000E+00   0.00000000000000E+00   0.00000000000000E+00   0.10464803378736E+01   0.00000000000000E+00   0.00000000000000E+00
 0.00000000000000E+00   0.00000000000000E+00   0.00000000000000E+00   0.00000000000000E+00   0.00000000000000E+00   0.00000000000000E+00   0.00000000000000E+00   0.00000000000000E+00   0.11156696006211E-02
 0.00000000000000E+00   0.00000000000000E+00   0.00000000000000E+00   -.14222268997663E-01   0.00000000000000E+00   0.00000000000000E+00
 0.00000000000000E+00   0.00000000000000E+00   0.00000000000000E+00   0.00000000000000E+00   0.00000000000000E+00   0.00000000000000E+00   0.00000000000000E+00   0.00000000000000E+00   0.15886352019224E-02
 0.00000000000000E+00   0.00000000000000E+00   0.00000000000000E+00   -.13463878791713E+00   0.00000000000000E+00   0.00000000000000E+00
 0.00000000000000E+00   0.00000000000000E+00   0.00000000000000E+00   0.00000000000000E+00   0.00000000000000E+00   0.00000000000000E+00   0.00000000000000E+00   0.00000000000000E+00   -.28738287433466E-02
 0.00000000000000E+00   0.00000000000000E+00   0.00000000000000E+00   -.54601564623725E+00   0.00000000000000E+00   0.00000000000000E+00
# Electronic transition moments of , IRREP b1  electric dipole (length) / electric dipole (velocity) / magnetic dipole
 -.76224639866198E-01   0.00000000000000E+00   0.00000000000000E+00   0.10795861833964E+00   0.00000000000000E+00   0.00000000000000E+00   0.00000000000000E+00   0.54444260414726E-02   0.00000000000000E+00
 0.00000000000000E+00   0.00000000000000E+00   0.00000000000000E+00   0.00000000000000E+00   -.67163622504746E+00   0.00000000000000E+00
 0.30710642389158E-01   0.00000000000000E+00   0.00000000000000E+00   0.91436393999544E+00   0.00000000000000E+00   0.00000000000000E+00   0.00000000000000E+00   -.17645762161786E-02   0.00000000000000E+00
 0.00000000000000E+00   0.00000000000000E+00   0.00000000000000E+00   0.00000000000000E+00   0.20108908065134E+01   0.00000000000000E+00
 0.10176831483313E+00   0.00000000000000E+00   0.00000000000000E+00   -.14335734945166E+00   0.00000000000000E+00   0.00000000000000E+00   0.00000000000000E+00   0.20709265103858E-02   0.00000000000000E+00
 0.00000000000000E+00   0.00000000000000E+00   0.00000000000000E+00   0.00000000000000E+00   0.21545121093914E+01   0.00000000000000E+00
 -.24136701433410E-01   0.00000000000000E+00   0.00000000000000E+00   -.12149481817995E+00   0.00000000000000E+00   0.00000000000000E+00   0.00000000000000E+00   0.77903920383693E-03   0.00000000000000E+00
 0.00000000000000E+00   0.00000000000000E+00   0.00000000000000E+00   0.00000000000000E+00   0.28134463633237E+00   0.00000000000000E+00
 0.36719361635071E+00   0.00000000000000E+00   0.00000000000000E+00   0.48998616235546E+00   0.00000000000000E+00   0.00000000000000E+00   0.00000000000000E+00   -.45182993154142E-02   0.00000000000000E+00
 0.00000000000000E+00   0.00000000000000E+00   0.00000000000000E+00   0.00000000000000E+00   -.20005837377379E+01   0.00000000000000E+00
 0.51213943231300E+00   0.00000000000000E+00   0.00000000000000E+00   0.25105226963189E+00   0.00000000000000E+00   0.00000000000000E+00   0.00000000000000E+00   -.25273070756154E-02   0.00000000000000E+00
 0.00000000000000E+00   0.00000000000000E+00   0.00000000000000E+00   0.00000000000000E+00   -.24715437575075E+01   0.00000000000000E+00
 -.45900191858511E+00   0.00000000000000E+00   0.00000000000000E+00   -.11722037885081E+01   0.00000000000000E+00   0.00000000000000E+00   0.00000000000000E+00   0.51454585237939E-04   0.00000000000000E+00
 0.00000000000000E+00   0.00000000000000E+00   0.00000000000000E+00   0.00000000000000E+00   0.90211869123568E+00   0.00000000000000E+00
 0.65567317012727E-01   0.00000000000000E+00   0.00000000000000E+00   0.21904415793700E-01   0.00000000000000E+00   0.00000000000000E+00   0.00000000000000E+00   0.27546726345758E-04   0.00000000000000E+00
 0.00000000000000E+00   0.00000000000000E+00   0.00000000000000E+00   0.00000000000000E+00   -.87951624111251E+00   0.00000000000000E+00
 0.28142548075383E+00   0.00000000000000E+00   0.00000000000000E+00   0.45407693731638E+00   0.00000000000000E+00   0.00000000000000E+00   0.00000000000000E+00   -.50659031382937E-02   0.00000000000000E+00
 0.00000000000000E+00   0.00000000000000E+00   0.00000000000000E+00   0.00000000000000E+00   -.35784476730195E+01   0.00000000000000E+00
 -.22605587353946E+00   0.00000000000000E+00   0.00000000000000E+00   -.42714202928067E+00   0.00000000000000E+00   0.00000000000000E+00   0.00000000000000E+00   -.22553688464478E-02   0.00000000000000E+00
 0.00000000000000E+00   0.00000000000000E+00   0.00000000000000E+00   0.00000000000000E+00   0.27216328313524E+01   0.00000000000000E+00
# Electronic transition moments of , IRREP b2  electric dipole (length) / electric dipole (velocity) / magnetic dipole
 0.00000000000000E+00   0.18580253630747E+00   0.00000000000000E+00   0.00000000000000E+00   0.65453917965270E-01   0.00000000000000E+00   -.19750810116805E-04   0.00000000000000E+00   0.00000000000000E+00
 0.00000000000000E+00   0.00000000000000E+00   0.00000000000000E+00   0.00000000000000E+00   0.00000000000000E+00   -.36951122366817E+00
 0.00000000000000E+00   0.19169034788197E-01   0.00000000000000E+00   0.00000000000000E+00   -.26585697046975E+00   0.00000000000000E+00   -.14334910760773E-02   0.00000000000000E+00   0.00000000000000E+00
 0.00000000000000E+00   0.00000000000000E+00   0.00000000000000E+00   0.00000000000000E+00   0.00000000000000E+00   0.14542460618965E+01
 0.00000000000000E+00   0.82203179904650E-01   0.00000000000000E+00   0.00000000000000E+00   0.59615090157197E-01   0.00000000000000E+00   -.27361356589443E-03   0.00000000000000E+00   0.00000000000000E+00
 0.00000000000000E+00   0.00000000000000E+00   0.00000000000000E+00   0.00000000000000E+00   0.00000000000000E+00   0.37075602550058E+00
 0.00000000000000E+00   -.24075757236772E+00   0.00000000000000E+00   0.00000000000000E+00   0.25229566627291E-01   0.00000000000000E+00   0.47386365994271E-03   0.00000000000000E+00   0.00000000000000E+00
 0.00000000000000E+00   0.00000000000000E+00   0.00000000000000E+00   0.00000000000000E+00   0.00000000000000E+00   0.20568894118161E+00
 0.00000000000000E+00   0.21629607735424E-01   0.00000000000000E+00   0.00000000000000E+00   0.70152661438036E-01   0.00000000000000E+00   0.44337753446635E-02   0.00000000000000E+00   0.00000000000000E+00
 0.00000000000000E+00   0.00000000000000E+00   0.00000000000000E+00   0.00000000000000E+00   0.00000000000000E+00   -.17056794801722E+01
 0.00000000000000E+00   0.28280361946211E-01   0.00000000000000E+00   0.00000000000000E+00   -.17913581639277E+00   0.00000000000000E+00   -.12997264308074E-02   0.00000000000000E+00   0.00000000000000E+00
 0.00000000000000E+00   0.00000000000000E+00   0.00000000000000E+00   0.00000000000000E+00   0.00000000000000E+00   0.20779210257459E+00
 0.00000000000000E+00   -.22993258785000E+00   0.00000000000000E+00   0.00000000000000E+00   -.14385457871761E+00   0.00000000000000E+00   -.16652999286550E-02   0.00000000000000E+00   0.00000000000000E+00
 0.00000000000000E+00   0.00000000000000E+00   0.00000000000000E+00   0.00000000000000E+00   0.00000000000000E+00   0.18119835485225E+01
 0.00000000000000E+00   0.69614480282657E-03   0.00000000000000E+00   0.00000000000000E+00   0.11683595567545E+00   0.00000000000000E+00   -.18855987450722E-02   0.00000000000000E+00   0.00000000000000E+00
 0.00000000000000E+00   0.00000000000000E+00   0.00000000000000E+00   0.00000000000000E+00   0.00000000000000E+00   0.14701686434994E+01
 0.00000000000000E+00   -.69501024325908E-01   0.00000000000000E+00   0.00000000000000E+00   -.11359366495022E+00   0.00000000000000E+00   -.85212442876786E-03   0.00000000000000E+00   0.00000000000000E+00
 0.00000000000000E+00   0.00000000000000E+00   0.00000000000000E+00   0.00000000000000E+00   0.00000000000000E+00   0.48473913706957E-01
 0.00000000000000E+00   -.36643240217062E+00   0.00000000000000E+00   0.00000000000000E+00   -.29016351651457E+00   0.00000000000000E+00   0.17179229243505E-02   0.00000000000000E+00   0.00000000000000E+00
 0.00000000000000E+00   0.00000000000000E+00   0.00000000000000E+00   0.00000000000000E+00   0.00000000000000E+00   -.56536412568288E+00
