

#----------------------------------------------------------------------
# Basis Set Exchange
# Version v0.9.1
# https://www.basissetexchange.org
#----------------------------------------------------------------------
#   Basis set: def2-TZVP
# Description: def2-TZVP
#        Role: orbital
#     Version: 1  (Data from Turbomole 7.3)
#----------------------------------------------------------------------


# Tellurium def2-TZVP (11s,9p,8d,2f) -> [6s,5p,3d,2f]
Te def2-TZVP
    16
1 0 0 5 1
   6213.2001650              0.17392073280E-03
    920.89640017             0.11933589842E-02
    199.28042708             0.36256556777E-02
     24.774233098           -0.59791033012E-01
     14.838199169            0.95943203263
1 0 0 2 1
     12.278761954            0.75942429936
      6.3807845532           0.35331689542
1 0 0 1 1
      2.2228405205           1.0000000
1 0 0 1 1
      1.0776043442           1.0000000
1 0 0 1 1
      0.28136649025          1.0000000
1 0 0 1 1
      0.10781573341          1.0000000
1 1 1 3 1
    204.29400852             0.40605406751E-03
     18.208759358            0.60255451613E-01
      9.9211024302          -0.27491671277
1 1 1 3 1
      3.1441528685           0.43154849974
      1.7220884031           0.55403079110
      0.89098945714          0.24087311227
1 1 1 1 1
      0.39804719568          1.0000000
1 1 1 1 1
      0.16538785242          1.0000000
1 1 1 1 1
      0.65082695586E-01      1.0000000
1 2 2 6 1
    121.51055249             0.63490629024E-03
     32.968794396            0.61811936324E-02
     19.249862451           -0.88929825218E-02
      4.7198407254           0.20159884764
      2.3428061416           0.42976049013
      1.1135379412           0.38247126751
1 2 2 1 1
      0.49200061510          1.0000000
1 2 2 1 1
      0.16000000000          1.0000000
1 3 3 1 1
      1.8500000              1.0000000
1 3 3 1 1
      0.38255757             1.0000000



## Effective core potentials
def2-TZVP_ECP
Te nelec 28
Te ul
2     15.20616800           -15.74545000
2     15.20170200           -20.74244800
Te S
2     16.81447300           281.04584300
2      8.79352600            61.62065600
2     15.20616800            15.74545000
2     15.20170200            20.74244800
Te P
2     14.87780100            67.44946400
2     14.26973100           134.90430400
2      8.72443500            14.68954700
2      8.29151500            29.41506300
2     15.20616800            15.74545000
2     15.20170200            20.74244800
Te D
2     15.20500800            35.43205700
2     15.22584800            53.13568700
2      6.07176900             9.06980200
2      5.80476000            13.12230400
2     15.20616800            15.74545000
2     15.20170200            20.74244800
END def2-TZVP_ECP
