# Excitation spectrum ; written at 2023-10-26 16:00:26
#     Exc.     energy (Eh)   energy (eV)   energy (cm-1)   energy (nm)     Osc.(vel)      Osc.(len) 
       1 a'       0.131575       3.58033       28877.282       346.293     0.86319796     0.39319204
       2 a'       0.282753       7.69410       62057.141       161.142     0.12974753     0.10045421
       3 a'       0.283521       7.71500       62225.698       160.705     0.25078321     0.19445023
       4 a'       0.292292       7.95368       64150.745       155.883     0.10236535     0.08932712
       5 a'       0.321886       8.75896       70645.810       141.551     0.05452816     0.05052169
       6 a'       0.323872       8.81302       71081.773       140.683     0.24246091     0.19953607
       7 a'       0.336669       9.16124       73890.351       135.336     0.03161591     0.02659459
       8 a'       0.338949       9.22328       74390.760       134.425     0.02405167     0.01714063
       9 a'       0.346877       9.43899       76130.613       131.353     0.10105988     0.08506702
      10 a'       0.348680       9.48806       76526.392       130.674     0.02356878     0.01986473
       1 a"       0.134473       3.65919       29513.348       338.830     0.00021712     0.00010727
       2 a"       0.148589       4.04332       32611.586       306.639     0.00029981     0.00018804
       3 a"       0.302623       8.23479       66418.082       150.561     0.00003528     0.00003056
       4 a"       0.316832       8.62142       69536.476       143.809     0.01205715     0.00920200
       5 a"       0.342208       9.31194       75105.878       133.145     0.00130171     0.00096809
       6 a"       0.343109       9.33647       75303.703       132.796     0.00044992     0.00042612
       7 a"       0.351571       9.56675       77161.017       129.599     0.00300517     0.00235378
       8 a"       0.357089       9.71689       78372.001       127.597     0.01072083     0.01233686
       9 a"       0.360284       9.80382       79073.147       126.465     0.00094384     0.00101238
      10 a"       0.364442       9.91698       79985.837       125.022     0.02544407     0.01970432
