# Electronic transition moments of , IRREP a'  electric dipole (length) / electric dipole (velocity) / magnetic dipole
 0.15652720374703E+01   0.27185854581920E+01   0.00000000000000E+00   0.10551944867595E+01   0.18355115513652E+01   0.00000000000000E+00   0.00000000000000E+00   0.00000000000000E+00   0.19566472253836E-02
 0.50738580507289E+01   -.49146212293668E+01   -.24428183842616E-01   0.29530115342928E+01   0.00000000000000E+00   0.00000000000000E+00
 -.75123453198750E+00   0.35207222816162E+00   0.00000000000000E+00   -.65238369504938E+00   0.32757165509256E+00   0.00000000000000E+00   0.00000000000000E+00   0.00000000000000E+00   0.18736366701571E-02
 -.95864969714040E+00   -.17476785745176E+01   0.58376536351613E+00   0.23904926820816E+00   0.00000000000000E+00   0.00000000000000E+00
 0.11050757377270E+01   -.32496764328601E+00   0.00000000000000E+00   0.97441477009617E+00   -.28156050739407E+00   0.00000000000000E+00   0.00000000000000E+00   0.00000000000000E+00   0.10509921406384E-02
 0.17966240984213E+01   0.16531777731319E+01   -.34205750757131E+00   -.94276913498021E-01   0.00000000000000E+00   0.00000000000000E+00
 0.64881993283643E+00   -.32304212322646E+00   0.00000000000000E+00   0.60567082757266E+00   -.30261555811374E+00   0.00000000000000E+00   0.00000000000000E+00   0.00000000000000E+00   -.14318091597700E-04
 0.47696473416671E+00   -.55469056842477E+00   -.35070652816372E+00   -.81719664538276E+00   0.00000000000000E+00   0.00000000000000E+00
 0.28040786699538E+00   0.41889685796966E+00   0.00000000000000E+00   0.26782921418903E+00   0.40459903224748E+00   0.00000000000000E+00   0.00000000000000E+00   0.00000000000000E+00   0.49727771929177E-02
 0.17785766509635E+00   -.11036037289862E+00   0.13804524337398E-01   0.17209469152132E+00   0.00000000000000E+00   0.00000000000000E+00
 -.91715570780350E+00   0.53082192254850E+00   0.00000000000000E+00   -.83297707680504E+00   0.47988671267163E+00   0.00000000000000E+00   0.00000000000000E+00   0.00000000000000E+00   -.30710526613158E-04
 0.58853162736281E+00   -.97102836149752E+00   0.11698195474986E+00   -.13687118986085E+01   0.00000000000000E+00   0.00000000000000E+00
 -.28581519190124E+00   0.24325206620511E+00   0.00000000000000E+00   -.26350888773430E+00   0.22147889894376E+00   0.00000000000000E+00   0.00000000000000E+00   0.00000000000000E+00   0.13070801301826E-03
 -.75262008955561E+00   0.28105794624039E+00   -.71688785130890E-01   0.97818391259425E+00   0.00000000000000E+00   0.00000000000000E+00
 0.23361018039407E+00   0.22774002049995E+00   0.00000000000000E+00   0.20405792149849E+00   0.18497353920378E+00   0.00000000000000E+00   0.00000000000000E+00   0.00000000000000E+00   -.13974821285567E-02
 0.10009981048318E+00   0.14000793664928E+00   -.14673604074321E+00   -.23473600958078E+00   0.00000000000000E+00   0.00000000000000E+00
 -.55918029701868E+00   0.35260611927447E+00   0.00000000000000E+00   -.51481227560653E+00   0.32066181031506E+00   0.00000000000000E+00   0.00000000000000E+00   0.00000000000000E+00   -.41743843187347E-03
 -.30493329789250E+01   -.15874155200396E+01   -.86695114795727E+00   0.10136990123307E+01   0.00000000000000E+00   0.00000000000000E+00
 -.16010985547582E+00   -.27523865384517E+00   0.00000000000000E+00   -.14458024568767E+00   -.25407362983487E+00   0.00000000000000E+00   0.00000000000000E+00   0.00000000000000E+00   -.28380244197076E-03
 0.10817745515037E+01   -.66418080697303E+00   0.33647071163532E+00   0.45950620038638E+00   0.00000000000000E+00   0.00000000000000E+00
# Electronic transition moments of , IRREP a"  electric dipole (length) / electric dipole (velocity) / magnetic dipole
 0.00000000000000E+00   0.00000000000000E+00   0.49212853970451E-01   0.00000000000000E+00   0.00000000000000E+00   0.34591093372093E-01   0.20407414065854E-02   -.82923108547336E-03   0.00000000000000E+00
 0.00000000000000E+00   0.00000000000000E+00   0.00000000000000E+00   0.00000000000000E+00   0.68823385383185E-03   0.27744962769378E+00
 0.00000000000000E+00   0.00000000000000E+00   0.55014213686866E-01   0.00000000000000E+00   0.00000000000000E+00   0.43568412203971E-01   0.22521880371111E-02   0.42622321438463E-02   0.00000000000000E+00
 0.00000000000000E+00   0.00000000000000E+00   0.00000000000000E+00   0.00000000000000E+00   -.77893052762369E+00   0.34119858443929E+00
 0.00000000000000E+00   0.00000000000000E+00   0.13223076689789E-01   0.00000000000000E+00   0.00000000000000E+00   0.12307423507673E-01   0.16990977351333E-02   -.74108405239122E-03   0.00000000000000E+00
 0.00000000000000E+00   0.00000000000000E+00   0.00000000000000E+00   0.00000000000000E+00   0.49804490789098E+00   0.10658905741358E+01
 0.00000000000000E+00   0.00000000000000E+00   -.23892073284629E+00   0.00000000000000E+00   0.00000000000000E+00   -.20872408914266E+00   0.35961708652046E-02   -.22408140550263E-02   0.00000000000000E+00
 0.00000000000000E+00   0.00000000000000E+00   0.00000000000000E+00   0.00000000000000E+00   0.93983470355892E+00   0.83938449458438E+00
 0.00000000000000E+00   0.00000000000000E+00   -.75536680005232E-01   0.00000000000000E+00   0.00000000000000E+00   -.65141716977780E-01   -.39348406647821E-03   -.20739469013754E-03   0.00000000000000E+00
 0.00000000000000E+00   0.00000000000000E+00   0.00000000000000E+00   0.00000000000000E+00   0.32379307861063E-01   -.18320774050901E+00
 0.00000000000000E+00   0.00000000000000E+00   0.44350443705622E-01   0.00000000000000E+00   0.00000000000000E+00   0.43161375975900E-01   -.14009371037344E-02   0.44514949288321E-03   0.00000000000000E+00
 0.00000000000000E+00   0.00000000000000E+00   0.00000000000000E+00   0.00000000000000E+00   -.49982038267430E+00   -.76154835952797E+00
 0.00000000000000E+00   0.00000000000000E+00   0.11323306855945E+00   0.00000000000000E+00   0.00000000000000E+00   0.10021245881868E+00   -.14607978226607E-03   -.27567167421407E-04   0.00000000000000E+00
 0.00000000000000E+00   0.00000000000000E+00   0.00000000000000E+00   0.00000000000000E+00   -.96236809333611E+00   0.41322892028835E+00
 0.00000000000000E+00   0.00000000000000E+00   0.21221274013904E+00   0.00000000000000E+00   0.00000000000000E+00   0.22764579533389E+00   -.69013537572886E-03   -.84679177327382E-03   0.00000000000000E+00
 0.00000000000000E+00   0.00000000000000E+00   0.00000000000000E+00   0.00000000000000E+00   0.78830491726024E+00   -.23576205765712E+00
 0.00000000000000E+00   0.00000000000000E+00   0.62686418151826E-01   0.00000000000000E+00   0.00000000000000E+00   0.64922334631330E-01   -.51525311475635E-03   0.19112929821550E-03   0.00000000000000E+00
 0.00000000000000E+00   0.00000000000000E+00   0.00000000000000E+00   0.00000000000000E+00   -.78726961837918E-01   -.50190372095125E+00
 0.00000000000000E+00   0.00000000000000E+00   -.32361194292671E+00   0.00000000000000E+00   0.00000000000000E+00   -.28478160222044E+00   -.37328847018912E-02   0.16750949403848E-02   0.00000000000000E+00
 0.00000000000000E+00   0.00000000000000E+00   0.00000000000000E+00   0.00000000000000E+00   0.78654739608391E-01   -.86249102483332E+00
