$coord
    0.00000000000000     -1.45666899957909     -1.66620417859790      c
    0.00000000000000     -2.21034537995380      1.10066497883656      c
    0.00000000000000      0.00000000000000      2.46084367203895      n
    0.00000000000000      2.21034537995380      1.10066497883656      c
    0.00000000000000      1.45666899957909     -1.66620417859790      c
   -0.00000000000000      5.04724273550958      2.32512195768702      s
   -0.00000000000000     -5.04724273550958      2.32512195768702      s
    0.00000000000000      0.00000000000000      4.37458629551061      h
    1.65477053392961     -2.26812360789687     -2.58864887085023      h
   -1.65477053392961     -2.26812360789687     -2.58864887085023      h
   -1.65477053392961      2.26812360789687     -2.58864887085023      h
    1.65477053392961      2.26812360789687     -2.58864887085023      h
$redundant
     number_of_atoms            12
     degrees_of_freedom         10
     internal_coordinates       10
     frozen_coordinates          0
# definitions of redundant internals
   1 k  1.0000000000000 stre    3    8           val=   1.91374
   2 k  1.0000000000000 stre    5    1           val=   2.91334
   3 k  1.0000000000000 stre    1    2           val=   2.86768
   4 k  1.0000000000000 stre    2    7           val=   3.08987
   5 k  1.0000000000000 stre    1    9           val=   2.06098
   6 k  1.0000000000000 stre    2    3           val=   2.59533
   7 k -0.8090169943749 bend    1    3    2      val=   0.92788
        0.3090169943749 bend    2    4    3
        0.3090169943749 bend    3    5    4
       -0.8090169943749 bend    4    1    5
        1.0000000000000 bend    5    2    1
   8 k  0.1049459936069 bend    9   10    1      val=   1.74639
        0.4891703002344 bend    2   10    1
        0.4891703002344 bend    2    9    1
       -0.5051787669543 bend    5   10    1
       -0.5051787669543 bend    5    9    1
   9 k -0.8794106027674 bend    9   10    1      val=   5.04947
        0.2828420265204 bend    2   10    1
        0.2828420265204 bend    2    9    1
        0.1825346101537 bend    5   10    1
        0.1825346101537 bend    5    9    1
  10 k  0.7071067811865 bend    3    7    2      val=  -1.76800
       -0.7071067811865 bend    1    7    2
        10 non zero eigenvalues  of BmBt
           1           3.998252941    1    0
         1
           2           3.555774057    2    0
         2
           3           2.998638359    3    0
         3
           4           2.136607041    4    0
         4
           5           1.406892319    5    0
         5
           6           0.799869039    6    0
         6
           7           0.418534398    7    0
         7
           8           0.365688976    8    0
         8
           9           0.253384687    9    0
         9
          10           0.159186780   10    0
        10
$user-defined bonds
$end
