# Excitation spectrum ; written at 2023-10-05 10:18:45
#     Exc.     energy (Eh)   energy (eV)   energy (cm-1)   energy (nm)     Osc.(vel)      Osc.(len) 
       1 a1       0.195804       5.32810       42974.038       232.699     0.02322564     0.02112797
       2 a1       0.212603       5.78522       46660.973       214.312     0.06039403     0.06140935
       3 a1       0.243486       6.62559       53439.022       187.129     0.01062162     0.01490776
       4 a1       0.273528       7.44308       60032.504       166.576     0.01653183     0.01713234
       5 a1       0.288163       7.84131       63244.439       158.117     0.00022724     0.00007148
       6 a1       0.289997       7.89121       63646.888       157.117     0.12179529     0.14003213
       7 a1       0.299646       8.15378       65764.688       152.057     0.04249354     0.04345466
       8 a1       0.309362       8.41816       67897.061       147.282     0.00059033     0.00125775
       9 a1       0.319186       8.68549       70053.212       142.749     0.00863577     0.00896851
      10 a1       0.321373       8.74502       70533.304       141.777     0.00214753     0.00229037
       1 a2       0.111950       3.04630       24570.082       406.999     0.00000000     0.00000000
       2 a2       0.169770       4.61968       37260.256       268.382     0.00000000     0.00000000
       3 a2       0.261617       7.11896       57418.270       174.161     0.00000000     0.00000000
       4 a2       0.287753       7.83015       63154.448       158.342     0.00000000     0.00000000
       5 a2       0.293369       7.98297       64386.985       155.311     0.00000000     0.00000000
       6 a2       0.307355       8.36355       67456.583       148.244     0.00000000     0.00000000
       7 a2       0.309086       8.41066       67836.577       147.413     0.00000000     0.00000000
       8 a2       0.317981       8.65271       69788.775       143.290     0.00000000     0.00000000
       9 a2       0.319527       8.69478       70128.154       142.596     0.00000000     0.00000000
      10 a2       0.330861       9.00317       72615.488       137.712     0.00000000     0.00000000
       1 b1       0.101927       2.77357       22370.383       447.020     0.00024527     0.00016441
       2 b1       0.180616       4.91480       39640.535       252.267     0.00000348     0.00030460
       3 b1       0.250059       6.80446       54881.690       182.210     0.00218969     0.00446675
       4 b1       0.253471       6.89730       55630.456       179.758     0.01665736     0.01574650
       5 b1       0.276644       7.52786       60716.305       164.700     0.00088238     0.00109549
       6 b1       0.297836       8.10454       65367.549       152.981     0.00116254     0.00194518
       7 b1       0.303645       8.26259       66642.285       150.055     0.00191871     0.00316957
       8 b1       0.318173       8.65793       69830.885       143.203     0.01969901     0.01724324
       9 b1       0.321732       8.75479       70612.105       141.619     0.00001855     0.00025204
      10 b1       0.322759       8.78271       70837.367       141.168     0.01813043     0.01778951
       1 b2       0.163000       4.43545       35774.332       279.530     0.52628393     0.52950558
       2 b2       0.231945       6.31154       50905.989       196.441     0.04360428     0.04523876
       3 b2       0.244874       6.66336       53743.605       186.069     0.01802362     0.01861410
       4 b2       0.260862       7.09841       57252.550       174.665     0.00104612     0.00180156
       5 b2       0.281398       7.65723       61759.735       161.918     0.00161748     0.00206495
       6 b2       0.298056       8.11052       65415.723       152.868     0.00072079     0.00076899
       7 b2       0.299816       8.15841       65801.983       151.971     0.02175692     0.02144627
       8 b2       0.309434       8.42013       67912.932       147.247     0.25030632     0.24796643
       9 b2       0.327539       8.91279       71886.514       139.108     0.04396556     0.04160920
      10 b2       0.345503       9.40161       75829.099       131.875     0.02753989     0.02667064
# Excitation spectrum ; written at 2023-10-16 13:23:22
#     Exc.     energy (Eh)   energy (eV)   energy (cm-1)   energy (nm)     Osc.(vel)      Osc.(len) 
       1 a1       0.197932       5.38600       43441.041       230.197     0.00056159     0.01988325
       2 a1       0.224751       6.11577       49327.035       202.729     0.01181393     0.09817486
       3 a1       0.244539       6.65424       53670.081       186.324     0.00163856     0.00780652
       4 a1       0.274826       7.47840       60317.346       165.790     0.00000055     0.02233518
       5 a1       0.289611       7.88072       63562.288       157.326     0.00038863     0.02436459
       6 a1       0.290840       7.91415       63831.901       156.661     0.14089527     0.13050852
       7 a1       0.302562       8.23314       66404.739       150.592     0.01419645     0.04870848
       8 a1       0.309743       8.42854       67980.734       147.101     0.00000138     0.00028749
       9 a1       0.319734       8.70041       70173.554       142.504     0.00002558     0.00727630
      10 a1       0.323127       8.79274       70918.222       141.007     0.00099122     0.00461006
       1 a2       0.112603       3.06409       24713.519       404.637     0.00000000     0.00000000
       2 a2       0.169911       4.62351       37291.132       268.160     0.00000000     0.00000000
       3 a2       0.262851       7.15255       57689.201       173.343     0.00000000     0.00000000
       4 a2       0.287839       7.83250       63173.337       158.295     0.00000000     0.00000000
       5 a2       0.293609       7.98951       64439.723       155.184     0.00000000     0.00000000
       6 a2       0.307947       8.37968       67586.643       147.958     0.00000000     0.00000000
       7 a2       0.309347       8.41775       67893.713       147.289     0.00000000     0.00000000
       8 a2       0.318117       8.65641       69818.690       143.228     0.00000000     0.00000000
       9 a2       0.320473       8.72051       70335.680       142.175     0.00000000     0.00000000
      10 a2       0.331365       9.01690       72726.227       137.502     0.00000000     0.00000000
       1 b1       0.102635       2.79284       22525.777       443.936     0.00108136     0.00025630
       2 b1       0.180817       4.92028       39684.745       251.986     0.00046429     0.00029757
       3 b1       0.250236       6.80928       54920.535       182.081     0.00010272     0.00581361
       4 b1       0.255277       6.94644       56026.804       178.486     0.00000517     0.01886557
       5 b1       0.276826       7.53283       60756.375       164.592     0.00444512     0.00081633
       6 b1       0.297895       8.10613       65380.358       152.951     0.00028887     0.00209960
       7 b1       0.304588       8.28825       66849.250       149.590     0.01046392     0.00294897
       8 b1       0.319190       8.68560       70054.069       142.747     0.00160318     0.01932301
       9 b1       0.322154       8.76626       70704.634       141.433     0.01286177     0.00026244
      10 b1       0.323141       8.79311       70921.178       141.002     0.00033529     0.02297266
       1 b2       0.174133       4.73841       38217.860       261.658     0.01332178     0.77061045
       2 b2       0.232405       6.32406       51007.015       196.051     0.01101543     0.06512335
       3 b2       0.248193       6.75368       54472.109       183.580     0.00591631     0.03578943
       4 b2       0.261736       7.12221       57444.519       174.081     0.00286152     0.00651717
       5 b2       0.283074       7.70283       62127.474       160.959     0.00670473     0.00233863
       6 b2       0.298362       8.11885       65482.922       152.712     0.00227465     0.00069582
       7 b2       0.303047       8.24633       66511.139       150.351     0.01336495     0.03470989
       8 b2       0.310928       8.46078       68240.777       146.540     0.10537839     0.29784414
       9 b2       0.328306       8.93367       72054.910       138.783     0.01313538     0.06175643
      10 b2       0.346096       9.41774       75959.188       131.650     0.01726571     0.03504717
