# Electronic transition moments of , IRREP a1  electric dipole (length) / electric dipole (velocity) / magnetic dipole
 0.00000000000000E+00   0.00000000000000E+00   -.42181168001574E+00   0.00000000000000E+00   0.00000000000000E+00   -.40231253562376E+00   0.00000000000000E+00   0.00000000000000E+00   0.00000000000000E+00
 -.22767847779231E-02   -.17079744459809E+01   -.10235832319095E+00   0.00000000000000E+00   0.00000000000000E+00   0.00000000000000E+00
 0.00000000000000E+00   0.00000000000000E+00   0.65276655552544E+00   0.00000000000000E+00   0.00000000000000E+00   0.65823074534946E+00   0.00000000000000E+00   0.00000000000000E+00   0.00000000000000E+00
 0.78851082516731E+00   0.73027202348175E+01   0.32152399563752E+00   0.00000000000000E+00   0.00000000000000E+00   0.00000000000000E+00
 0.00000000000000E+00   0.00000000000000E+00   0.25580196951149E+00   0.00000000000000E+00   0.00000000000000E+00   0.30305031845818E+00   0.00000000000000E+00   0.00000000000000E+00   0.00000000000000E+00
 -.32955083551429E-01   -.34291875724502E+01   0.18168482179829E+01   0.00000000000000E+00   0.00000000000000E+00   0.00000000000000E+00
 0.00000000000000E+00   0.00000000000000E+00   -.30109606214779E+00   0.00000000000000E+00   0.00000000000000E+00   -.30651584109836E+00   0.00000000000000E+00   0.00000000000000E+00   0.00000000000000E+00
 -.77004862494985E-01   0.21416447413909E+01   -.27265944056271E+01   0.00000000000000E+00   0.00000000000000E+00   0.00000000000000E+00
 0.00000000000000E+00   0.00000000000000E+00   -.34392645017764E-01   0.00000000000000E+00   0.00000000000000E+00   -.19289202396662E-01   0.00000000000000E+00   0.00000000000000E+00   0.00000000000000E+00
 -.21855755231096E+00   0.35127806785138E+00   -.14119112169210E+01   0.00000000000000E+00   0.00000000000000E+00   0.00000000000000E+00
 0.00000000000000E+00   0.00000000000000E+00   -.79371474495650E+00   0.00000000000000E+00   0.00000000000000E+00   -.85106564199531E+00   0.00000000000000E+00   0.00000000000000E+00   0.00000000000000E+00
 0.14477661780376E+00   0.14415361382165E+01   -.30200518488252E+01   0.00000000000000E+00   0.00000000000000E+00   0.00000000000000E+00
 0.00000000000000E+00   0.00000000000000E+00   -.46121440191395E+00   0.00000000000000E+00   0.00000000000000E+00   -.46640114612233E+00   0.00000000000000E+00   0.00000000000000E+00   0.00000000000000E+00
 0.43608255571736E+00   0.44071752296328E+00   0.16118896775006E+00   0.00000000000000E+00   0.00000000000000E+00   0.00000000000000E+00
 0.00000000000000E+00   0.00000000000000E+00   -.53500548441408E-01   0.00000000000000E+00   0.00000000000000E+00   -.78092501251020E-01   0.00000000000000E+00   0.00000000000000E+00   0.00000000000000E+00
 0.11667020283433E+00   0.24020425175910E+00   -.96520991064239E+00   0.00000000000000E+00   0.00000000000000E+00   0.00000000000000E+00
 0.00000000000000E+00   0.00000000000000E+00   0.20145328286349E+00   0.00000000000000E+00   0.00000000000000E+00   0.20529756744048E+00   0.00000000000000E+00   0.00000000000000E+00   0.00000000000000E+00
 -.17950599294467E+00   0.46751947539375E+01   -.11335695538059E+01   0.00000000000000E+00   0.00000000000000E+00   0.00000000000000E+00
 0.00000000000000E+00   0.00000000000000E+00   0.10011747684907E+00   0.00000000000000E+00   0.00000000000000E+00   0.10339358070456E+00   0.00000000000000E+00   0.00000000000000E+00   0.00000000000000E+00
 -.29423128837198E+00   0.46861679937180E+01   -.10698058452650E+01   0.00000000000000E+00   0.00000000000000E+00   0.00000000000000E+00
# Electronic transition moments of , IRREP a2  electric dipole (length) / electric dipole (velocity) / magnetic dipole
 0.00000000000000E+00   0.00000000000000E+00   0.00000000000000E+00   0.00000000000000E+00   0.00000000000000E+00   0.00000000000000E+00   0.00000000000000E+00   0.00000000000000E+00   0.10689199067513E-02
 0.00000000000000E+00   0.00000000000000E+00   0.00000000000000E+00   -.25114996305269E+00   0.00000000000000E+00   0.00000000000000E+00
 0.00000000000000E+00   0.00000000000000E+00   0.00000000000000E+00   0.00000000000000E+00   0.00000000000000E+00   0.00000000000000E+00   0.00000000000000E+00   0.00000000000000E+00   0.11444916260518E-02
 0.00000000000000E+00   0.00000000000000E+00   0.00000000000000E+00   -.30335879947579E+00   0.00000000000000E+00   0.00000000000000E+00
 0.00000000000000E+00   0.00000000000000E+00   0.00000000000000E+00   0.00000000000000E+00   0.00000000000000E+00   0.00000000000000E+00   0.00000000000000E+00   0.00000000000000E+00   0.56169186161926E-02
 0.00000000000000E+00   0.00000000000000E+00   0.00000000000000E+00   -.19487566714701E+01   0.00000000000000E+00   0.00000000000000E+00
 0.00000000000000E+00   0.00000000000000E+00   0.00000000000000E+00   0.00000000000000E+00   0.00000000000000E+00   0.00000000000000E+00   0.00000000000000E+00   0.00000000000000E+00   -.12518195938160E-02
 0.00000000000000E+00   0.00000000000000E+00   0.00000000000000E+00   0.10186445540467E+01   0.00000000000000E+00   0.00000000000000E+00
 0.00000000000000E+00   0.00000000000000E+00   0.00000000000000E+00   0.00000000000000E+00   0.00000000000000E+00   0.00000000000000E+00   0.00000000000000E+00   0.00000000000000E+00   0.30126016737896E-02
 0.00000000000000E+00   0.00000000000000E+00   0.00000000000000E+00   -.12522760678024E+01   0.00000000000000E+00   0.00000000000000E+00
 0.00000000000000E+00   0.00000000000000E+00   0.00000000000000E+00   0.00000000000000E+00   0.00000000000000E+00   0.00000000000000E+00   0.00000000000000E+00   0.00000000000000E+00   0.36371099516762E-02
 0.00000000000000E+00   0.00000000000000E+00   0.00000000000000E+00   -.14959877687906E+01   0.00000000000000E+00   0.00000000000000E+00
 0.00000000000000E+00   0.00000000000000E+00   0.00000000000000E+00   0.00000000000000E+00   0.00000000000000E+00   0.00000000000000E+00   0.00000000000000E+00   0.00000000000000E+00   -.20501915714496E-02
 0.00000000000000E+00   0.00000000000000E+00   0.00000000000000E+00   0.16634123666613E+01   0.00000000000000E+00   0.00000000000000E+00
 0.00000000000000E+00   0.00000000000000E+00   0.00000000000000E+00   0.00000000000000E+00   0.00000000000000E+00   0.00000000000000E+00   0.00000000000000E+00   0.00000000000000E+00   -.13572306307261E-02
 0.00000000000000E+00   0.00000000000000E+00   0.00000000000000E+00   0.10057007968051E+01   0.00000000000000E+00   0.00000000000000E+00
 0.00000000000000E+00   0.00000000000000E+00   0.00000000000000E+00   0.00000000000000E+00   0.00000000000000E+00   0.00000000000000E+00   0.00000000000000E+00   0.00000000000000E+00   -.29953372964138E-02
 0.00000000000000E+00   0.00000000000000E+00   0.00000000000000E+00   -.10589129980762E-01   0.00000000000000E+00   0.00000000000000E+00
 0.00000000000000E+00   0.00000000000000E+00   0.00000000000000E+00   0.00000000000000E+00   0.00000000000000E+00   0.00000000000000E+00   0.00000000000000E+00   0.00000000000000E+00   0.12401961217060E-03
 0.00000000000000E+00   0.00000000000000E+00   0.00000000000000E+00   -.11717671811736E+01   0.00000000000000E+00   0.00000000000000E+00
# Electronic transition moments of , IRREP b1  electric dipole (length) / electric dipole (velocity) / magnetic dipole
 0.60079177152502E-01   0.00000000000000E+00   0.00000000000000E+00   0.49188764679362E-01   0.00000000000000E+00   0.00000000000000E+00   0.00000000000000E+00   -.39583292789119E-02   0.00000000000000E+00
 0.00000000000000E+00   0.00000000000000E+00   0.00000000000000E+00   0.00000000000000E+00   -.89714233117909E+00   0.00000000000000E+00
 0.53743069416884E-02   0.00000000000000E+00   0.00000000000000E+00   0.50295607173805E-01   0.00000000000000E+00   0.00000000000000E+00   0.00000000000000E+00   0.16857963107826E-02   0.00000000000000E+00
 0.00000000000000E+00   0.00000000000000E+00   0.00000000000000E+00   0.00000000000000E+00   0.52459463045684E+00   0.00000000000000E+00
 0.11460800039467E+00   0.00000000000000E+00   0.00000000000000E+00   0.16368914304897E+00   0.00000000000000E+00   0.00000000000000E+00   0.00000000000000E+00   -.16633627650987E-03   0.00000000000000E+00
 0.00000000000000E+00   0.00000000000000E+00   0.00000000000000E+00   0.00000000000000E+00   0.15011777204059E-01   0.00000000000000E+00
 -.31396739877125E+00   0.00000000000000E+00   0.00000000000000E+00   -.30526255066733E+00   0.00000000000000E+00   0.00000000000000E+00   0.00000000000000E+00   -.39295551912059E-02   0.00000000000000E+00
 0.00000000000000E+00   0.00000000000000E+00   0.00000000000000E+00   0.00000000000000E+00   -.12945437722385E+01   0.00000000000000E+00
 -.69169209147500E-01   0.00000000000000E+00   0.00000000000000E+00   -.77070763837171E-01   0.00000000000000E+00   0.00000000000000E+00   0.00000000000000E+00   -.57079685865859E-03   0.00000000000000E+00
 0.00000000000000E+00   0.00000000000000E+00   0.00000000000000E+00   0.00000000000000E+00   -.23779250344280E+00   0.00000000000000E+00
 0.76517566461910E-01   0.00000000000000E+00   0.00000000000000E+00   0.98977458727539E-01   0.00000000000000E+00   0.00000000000000E+00   0.00000000000000E+00   0.13169215162462E-02   0.00000000000000E+00
 0.00000000000000E+00   0.00000000000000E+00   0.00000000000000E+00   0.00000000000000E+00   0.55919126938141E-01   0.00000000000000E+00
 -.97357074845083E-01   0.00000000000000E+00   0.00000000000000E+00   -.12513051742931E+00   0.00000000000000E+00   0.00000000000000E+00   0.00000000000000E+00   0.96349234465754E-03   0.00000000000000E+00
 0.00000000000000E+00   0.00000000000000E+00   0.00000000000000E+00   0.00000000000000E+00   -.52927870436962E+00   0.00000000000000E+00
 -.30474470721611E+00   0.00000000000000E+00   0.00000000000000E+00   -.28511722399158E+00   0.00000000000000E+00   0.00000000000000E+00   0.00000000000000E+00   0.15053679497544E-02   0.00000000000000E+00
 0.00000000000000E+00   0.00000000000000E+00   0.00000000000000E+00   0.00000000000000E+00   0.12108129881997E+00   0.00000000000000E+00
 0.92993829175830E-02   0.00000000000000E+00   0.00000000000000E+00   -.34279202986619E-01   0.00000000000000E+00   0.00000000000000E+00   0.00000000000000E+00   -.15242290129671E-04   0.00000000000000E+00
 0.00000000000000E+00   0.00000000000000E+00   0.00000000000000E+00   0.00000000000000E+00   -.25855143721964E+00   0.00000000000000E+00
 -.29027568021090E+00   0.00000000000000E+00   0.00000000000000E+00   -.28753356162792E+00   0.00000000000000E+00   0.00000000000000E+00   0.00000000000000E+00   -.21834900891119E-02   0.00000000000000E+00
 0.00000000000000E+00   0.00000000000000E+00   0.00000000000000E+00   0.00000000000000E+00   -.25051168732565E+00   0.00000000000000E+00
# Electronic transition moments of , IRREP b2  electric dipole (length) / electric dipole (velocity) / magnetic dipole
 0.00000000000000E+00   0.22007062589031E+01   0.00000000000000E+00   0.00000000000000E+00   0.22074318000290E+01   0.00000000000000E+00   -.19133098467628E-02   0.00000000000000E+00   0.00000000000000E+00
 0.00000000000000E+00   0.00000000000000E+00   0.00000000000000E+00   0.00000000000000E+00   0.00000000000000E+00   0.57855408779304E+01
 0.00000000000000E+00   0.53102858995003E+00   0.00000000000000E+00   0.00000000000000E+00   0.54088966029026E+00   0.00000000000000E+00   -.43921710676279E-02   0.00000000000000E+00   0.00000000000000E+00
 0.00000000000000E+00   0.00000000000000E+00   0.00000000000000E+00   0.00000000000000E+00   0.00000000000000E+00   -.79096469957474E+00
 0.00000000000000E+00   0.33227330910371E+00   0.00000000000000E+00   0.00000000000000E+00   0.33767226231446E+00   0.00000000000000E+00   0.23382287324828E-02   0.00000000000000E+00   0.00000000000000E+00
 0.00000000000000E+00   0.00000000000000E+00   0.00000000000000E+00   0.00000000000000E+00   0.00000000000000E+00   0.24296198004506E+01
 0.00000000000000E+00   0.77558814847143E-01   0.00000000000000E+00   0.00000000000000E+00   0.10178061010161E+00   0.00000000000000E+00   -.41373164335016E-02   0.00000000000000E+00   0.00000000000000E+00
 0.00000000000000E+00   0.00000000000000E+00   0.00000000000000E+00   0.00000000000000E+00   0.00000000000000E+00   -.21952197632874E+00
 0.00000000000000E+00   0.92854732692574E-01   0.00000000000000E+00   0.00000000000000E+00   0.10491555223994E+00   0.00000000000000E+00   -.10093796131792E-02   0.00000000000000E+00   0.00000000000000E+00
 0.00000000000000E+00   0.00000000000000E+00   0.00000000000000E+00   0.00000000000000E+00   0.00000000000000E+00   -.10180379968829E+01
 0.00000000000000E+00   0.60228241277405E-01   0.00000000000000E+00   0.00000000000000E+00   0.62209698690932E-01   0.00000000000000E+00   -.67883389845447E-02   0.00000000000000E+00   0.00000000000000E+00
 0.00000000000000E+00   0.00000000000000E+00   0.00000000000000E+00   0.00000000000000E+00   0.00000000000000E+00   -.25955574758779E+01
 0.00000000000000E+00   0.32992633849945E+00   0.00000000000000E+00   0.00000000000000E+00   0.32756252888542E+00   0.00000000000000E+00   -.29593211295861E-02   0.00000000000000E+00   0.00000000000000E+00
 0.00000000000000E+00   0.00000000000000E+00   0.00000000000000E+00   0.00000000000000E+00   0.00000000000000E+00   -.76265781508739E+00
 0.00000000000000E+00   0.11015328699847E+01   0.00000000000000E+00   0.00000000000000E+00   0.10963721550635E+01   0.00000000000000E+00   -.51151093936258E-03   0.00000000000000E+00   0.00000000000000E+00
 0.00000000000000E+00   0.00000000000000E+00   0.00000000000000E+00   0.00000000000000E+00   0.00000000000000E+00   0.26359649971540E+01
 0.00000000000000E+00   -.44871477972133E+00   0.00000000000000E+00   0.00000000000000E+00   -.43652464629361E+00   0.00000000000000E+00   0.94012841701847E-03   0.00000000000000E+00   0.00000000000000E+00
 0.00000000000000E+00   0.00000000000000E+00   0.00000000000000E+00   0.00000000000000E+00   0.00000000000000E+00   -.23077284785388E+01
 0.00000000000000E+00   0.34578085248890E+00   0.00000000000000E+00   0.00000000000000E+00   0.34028010562829E+00   0.00000000000000E+00   0.69755544285596E-02   0.00000000000000E+00   0.00000000000000E+00
 0.00000000000000E+00   0.00000000000000E+00   0.00000000000000E+00   0.00000000000000E+00   0.00000000000000E+00   0.33415024257826E+01
# Electronic transition moments of , IRREP a1  electric dipole (length) / electric dipole (velocity) / magnetic dipole
 0.00000000000000E+00   0.00000000000000E+00   0.65237780609502E-01   0.00000000000000E+00   0.00000000000000E+00   -.38817843799086E+00   0.00000000000000E+00   0.00000000000000E+00   0.00000000000000E+00
 0.68137853956456E-01   -.11697101846565E+01   -.11590403377131E+00   0.00000000000000E+00   0.00000000000000E+00   0.00000000000000E+00
 0.00000000000000E+00   0.00000000000000E+00   -.28079703707880E+00   0.00000000000000E+00   0.00000000000000E+00   -.80946006159062E+00   0.00000000000000E+00   0.00000000000000E+00   0.00000000000000E+00
 -.85183767495564E+00   -.77803240885508E+01   -.67528580046613E+00   0.00000000000000E+00   0.00000000000000E+00   0.00000000000000E+00
 0.00000000000000E+00   0.00000000000000E+00   0.10025438972329E+00   0.00000000000000E+00   0.00000000000000E+00   0.21882670615775E+00   0.00000000000000E+00   0.00000000000000E+00   0.00000000000000E+00
 -.13346315122529E+00   -.45509477559341E+01   0.18275287741296E+01   0.00000000000000E+00   0.00000000000000E+00   0.00000000000000E+00
 0.00000000000000E+00   0.00000000000000E+00   0.17349230241431E-02   0.00000000000000E+00   0.00000000000000E+00   -.34914945720850E+00   0.00000000000000E+00   0.00000000000000E+00   0.00000000000000E+00
 -.90810722710221E-01   0.26037056255149E+01   -.31319130880379E+01   0.00000000000000E+00   0.00000000000000E+00   0.00000000000000E+00
 0.00000000000000E+00   0.00000000000000E+00   0.44864580799335E-01   0.00000000000000E+00   0.00000000000000E+00   -.35523651633760E+00   0.00000000000000E+00   0.00000000000000E+00   0.00000000000000E+00
 0.27906730600950E+00   0.35111695703706E+00   0.38011422163934E-01   0.00000000000000E+00   0.00000000000000E+00   0.00000000000000E+00
 0.00000000000000E+00   0.00000000000000E+00   -.85244647122795E+00   0.00000000000000E+00   0.00000000000000E+00   -.82042395517519E+00   0.00000000000000E+00   0.00000000000000E+00   0.00000000000000E+00
 0.47615714583078E-01   0.11924086607509E+01   -.31975819653779E+01   0.00000000000000E+00   0.00000000000000E+00   0.00000000000000E+00
 0.00000000000000E+00   0.00000000000000E+00   -.26529444712364E+00   0.00000000000000E+00   0.00000000000000E+00   -.49140610239752E+00   0.00000000000000E+00   0.00000000000000E+00   0.00000000000000E+00
 0.51778495472210E+00   0.42477886545835E+00   0.19180773534452E+00   0.00000000000000E+00   0.00000000000000E+00   0.00000000000000E+00
 0.00000000000000E+00   0.00000000000000E+00   0.25861940384427E-02   0.00000000000000E+00   0.00000000000000E+00   -.37312750873863E-01   0.00000000000000E+00   0.00000000000000E+00   0.00000000000000E+00
 0.49260000902130E-01   0.41603533154252E+00   -.10712794709767E+01   0.00000000000000E+00   0.00000000000000E+00   0.00000000000000E+00
 0.00000000000000E+00   0.00000000000000E+00   0.10954707267538E-01   0.00000000000000E+00   0.00000000000000E+00   -.18475926143776E+00   0.00000000000000E+00   0.00000000000000E+00   0.00000000000000E+00
 0.73910130315745E-01   -.33787112183012E+01   0.84769963982313E+00   0.00000000000000E+00   0.00000000000000E+00   0.00000000000000E+00
 0.00000000000000E+00   0.00000000000000E+00   -.67833579135661E-01   0.00000000000000E+00   0.00000000000000E+00   -.14628909127658E+00   0.00000000000000E+00   0.00000000000000E+00   0.00000000000000E+00
 0.29214566157503E+00   -.63271136509983E+01   0.15078260422678E+01   0.00000000000000E+00   0.00000000000000E+00   0.00000000000000E+00
# Electronic transition moments of , IRREP a2  electric dipole (length) / electric dipole (velocity) / magnetic dipole
 0.00000000000000E+00   0.00000000000000E+00   0.00000000000000E+00   0.00000000000000E+00   0.00000000000000E+00   0.00000000000000E+00   0.00000000000000E+00   0.00000000000000E+00   -.98630773159711E-03
 0.00000000000000E+00   0.00000000000000E+00   0.00000000000000E+00   0.27915182403627E+00   0.00000000000000E+00   0.00000000000000E+00
 0.00000000000000E+00   0.00000000000000E+00   0.00000000000000E+00   0.00000000000000E+00   0.00000000000000E+00   0.00000000000000E+00   0.00000000000000E+00   0.00000000000000E+00   0.10242636822503E-02
 0.00000000000000E+00   0.00000000000000E+00   0.00000000000000E+00   -.32575854000907E+00   0.00000000000000E+00   0.00000000000000E+00
 0.00000000000000E+00   0.00000000000000E+00   0.00000000000000E+00   0.00000000000000E+00   0.00000000000000E+00   0.00000000000000E+00   0.00000000000000E+00   0.00000000000000E+00   0.37624208537164E-02
 0.00000000000000E+00   0.00000000000000E+00   0.00000000000000E+00   -.21344306769024E+01   0.00000000000000E+00   0.00000000000000E+00
 0.00000000000000E+00   0.00000000000000E+00   0.00000000000000E+00   0.00000000000000E+00   0.00000000000000E+00   0.00000000000000E+00   0.00000000000000E+00   0.00000000000000E+00   0.89769250323433E-03
 0.00000000000000E+00   0.00000000000000E+00   0.00000000000000E+00   -.10549011870212E+01   0.00000000000000E+00   0.00000000000000E+00
 0.00000000000000E+00   0.00000000000000E+00   0.00000000000000E+00   0.00000000000000E+00   0.00000000000000E+00   0.00000000000000E+00   0.00000000000000E+00   0.00000000000000E+00   0.24065163098151E-02
 0.00000000000000E+00   0.00000000000000E+00   0.00000000000000E+00   -.13273752072725E+01   0.00000000000000E+00   0.00000000000000E+00
 0.00000000000000E+00   0.00000000000000E+00   0.00000000000000E+00   0.00000000000000E+00   0.00000000000000E+00   0.00000000000000E+00   0.00000000000000E+00   0.00000000000000E+00   -.33444210553966E-02
 0.00000000000000E+00   0.00000000000000E+00   0.00000000000000E+00   0.19337250931308E+01   0.00000000000000E+00   0.00000000000000E+00
 0.00000000000000E+00   0.00000000000000E+00   0.00000000000000E+00   0.00000000000000E+00   0.00000000000000E+00   0.00000000000000E+00   0.00000000000000E+00   0.00000000000000E+00   -.15837099439740E-02
 0.00000000000000E+00   0.00000000000000E+00   0.00000000000000E+00   0.12916710297035E+01   0.00000000000000E+00   0.00000000000000E+00
 0.00000000000000E+00   0.00000000000000E+00   0.00000000000000E+00   0.00000000000000E+00   0.00000000000000E+00   0.00000000000000E+00   0.00000000000000E+00   0.00000000000000E+00   0.16302823949301E-02
 0.00000000000000E+00   0.00000000000000E+00   0.00000000000000E+00   -.10006524995158E+01   0.00000000000000E+00   0.00000000000000E+00
 0.00000000000000E+00   0.00000000000000E+00   0.00000000000000E+00   0.00000000000000E+00   0.00000000000000E+00   0.00000000000000E+00   0.00000000000000E+00   0.00000000000000E+00   0.16863726059619E-02
 0.00000000000000E+00   0.00000000000000E+00   0.00000000000000E+00   -.10256617641625E+00   0.00000000000000E+00   0.00000000000000E+00
 0.00000000000000E+00   0.00000000000000E+00   0.00000000000000E+00   0.00000000000000E+00   0.00000000000000E+00   0.00000000000000E+00   0.00000000000000E+00   0.00000000000000E+00   -.85126171138519E-03
 0.00000000000000E+00   0.00000000000000E+00   0.00000000000000E+00   0.11379715465791E+01   0.00000000000000E+00   0.00000000000000E+00
# Electronic transition moments of , IRREP b1  electric dipole (length) / electric dipole (velocity) / magnetic dipole
 -.12571361954582E+00   0.00000000000000E+00   0.00000000000000E+00   0.61203045629904E-01   0.00000000000000E+00   0.00000000000000E+00   0.00000000000000E+00   -.37667963256481E-02   0.00000000000000E+00
 0.00000000000000E+00   0.00000000000000E+00   0.00000000000000E+00   0.00000000000000E+00   -.97141120646405E+00   0.00000000000000E+00
 0.62061527174280E-01   0.00000000000000E+00   0.00000000000000E+00   0.49684330707558E-01   0.00000000000000E+00   0.00000000000000E+00   0.00000000000000E+00   0.16773965814161E-02   0.00000000000000E+00
 0.00000000000000E+00   0.00000000000000E+00   0.00000000000000E+00   0.00000000000000E+00   0.53940606789628E+00   0.00000000000000E+00
 -.24814339142864E-01   0.00000000000000E+00   0.00000000000000E+00   -.18667807974602E+00   0.00000000000000E+00   0.00000000000000E+00   0.00000000000000E+00   0.58893997727105E-04   0.00000000000000E+00
 0.00000000000000E+00   0.00000000000000E+00   0.00000000000000E+00   0.00000000000000E+00   -.70463914212949E-01   0.00000000000000E+00
 0.55143193491113E-02   0.00000000000000E+00   0.00000000000000E+00   -.33294680757968E+00   0.00000000000000E+00   0.00000000000000E+00   0.00000000000000E+00   -.28767044340057E-02   0.00000000000000E+00
 0.00000000000000E+00   0.00000000000000E+00   0.00000000000000E+00   0.00000000000000E+00   -.14567464451751E+01   0.00000000000000E+00
 -.15519713359184E+00   0.00000000000000E+00   0.00000000000000E+00   -.66508172304493E-01   0.00000000000000E+00   0.00000000000000E+00   0.00000000000000E+00   -.76689062761496E-03   0.00000000000000E+00
 0.00000000000000E+00   0.00000000000000E+00   0.00000000000000E+00   0.00000000000000E+00   -.20214419858546E+00   0.00000000000000E+00
 0.38138954343958E-01   0.00000000000000E+00   0.00000000000000E+00   0.10282111010869E+00   0.00000000000000E+00   0.00000000000000E+00   0.00000000000000E+00   0.12725005653538E-02   0.00000000000000E+00
 0.00000000000000E+00   0.00000000000000E+00   0.00000000000000E+00   0.00000000000000E+00   0.78098479589577E-01   0.00000000000000E+00
 0.22700572008148E+00   0.00000000000000E+00   0.00000000000000E+00   0.12051035085666E+00   0.00000000000000E+00   0.00000000000000E+00   0.00000000000000E+00   -.54409680491812E-03   0.00000000000000E+00
 0.00000000000000E+00   0.00000000000000E+00   0.00000000000000E+00   0.00000000000000E+00   0.47374574198133E+00   0.00000000000000E+00
 -.86798572622014E-01   0.00000000000000E+00   0.00000000000000E+00   0.30134122231823E+00   0.00000000000000E+00   0.00000000000000E+00   0.00000000000000E+00   -.17358838333077E-02   0.00000000000000E+00
 0.00000000000000E+00   0.00000000000000E+00   0.00000000000000E+00   0.00000000000000E+00   -.10048708613856E+00   0.00000000000000E+00
 -.24471701118323E+00   0.00000000000000E+00   0.00000000000000E+00   -.34956788875609E-01   0.00000000000000E+00   0.00000000000000E+00   0.00000000000000E+00   -.86502884192928E-03   0.00000000000000E+00
 0.00000000000000E+00   0.00000000000000E+00   0.00000000000000E+00   0.00000000000000E+00   -.33845054092091E+00   0.00000000000000E+00
 -.39451176442391E-01   0.00000000000000E+00   0.00000000000000E+00   -.32655432641952E+00   0.00000000000000E+00   0.00000000000000E+00   0.00000000000000E+00   -.15519826261214E-02   0.00000000000000E+00
 0.00000000000000E+00   0.00000000000000E+00   0.00000000000000E+00   0.00000000000000E+00   -.21292755454297E+00   0.00000000000000E+00
# Electronic transition moments of , IRREP b2  electric dipole (length) / electric dipole (velocity) / magnetic dipole
 0.00000000000000E+00   0.33875505526559E+00   0.00000000000000E+00   0.00000000000000E+00   0.25764520149273E+01   0.00000000000000E+00   -.16516326973219E-02   0.00000000000000E+00   0.00000000000000E+00
 0.00000000000000E+00   0.00000000000000E+00   0.00000000000000E+00   0.00000000000000E+00   0.00000000000000E+00   0.66718556038757E+01
 0.00000000000000E+00   -.26663890179577E+00   0.00000000000000E+00   0.00000000000000E+00   -.64832268299511E+00   0.00000000000000E+00   0.39869919941529E-02   0.00000000000000E+00   0.00000000000000E+00
 0.00000000000000E+00   0.00000000000000E+00   0.00000000000000E+00   0.00000000000000E+00   0.00000000000000E+00   0.67727023488836E+00
 0.00000000000000E+00   0.18909330388562E+00   0.00000000000000E+00   0.00000000000000E+00   0.46508048178270E+00   0.00000000000000E+00   0.19426002879706E-02   0.00000000000000E+00   0.00000000000000E+00
 0.00000000000000E+00   0.00000000000000E+00   0.00000000000000E+00   0.00000000000000E+00   0.00000000000000E+00   0.28490806288154E+01
 0.00000000000000E+00   -.12805952478178E+00   0.00000000000000E+00   0.00000000000000E+00   0.19326039203662E+00   0.00000000000000E+00   -.30963225624580E-02   0.00000000000000E+00   0.00000000000000E+00
 0.00000000000000E+00   0.00000000000000E+00   0.00000000000000E+00   0.00000000000000E+00   0.00000000000000E+00   -.19171408315134E+00
 0.00000000000000E+00   -.18848920687321E+00   0.00000000000000E+00   0.00000000000000E+00   -.11132086177781E+00   0.00000000000000E+00   0.30508238167537E-02   0.00000000000000E+00   0.00000000000000E+00
 0.00000000000000E+00   0.00000000000000E+00   0.00000000000000E+00   0.00000000000000E+00   0.00000000000000E+00   0.90714910223354E+00
 0.00000000000000E+00   -.10693784715252E+00   0.00000000000000E+00   0.00000000000000E+00   -.59145580886653E-01   0.00000000000000E+00   0.66058088256860E-02   0.00000000000000E+00   0.00000000000000E+00
 0.00000000000000E+00   0.00000000000000E+00   0.00000000000000E+00   0.00000000000000E+00   0.00000000000000E+00   0.26656144819532E+01
 0.00000000000000E+00   -.25720193115367E+00   0.00000000000000E+00   0.00000000000000E+00   -.41449303675658E+00   0.00000000000000E+00   0.28832033419578E-02   0.00000000000000E+00   0.00000000000000E+00
 0.00000000000000E+00   0.00000000000000E+00   0.00000000000000E+00   0.00000000000000E+00   0.00000000000000E+00   0.78525078691002E+00
 0.00000000000000E+00   -.71300339069263E+00   0.00000000000000E+00   0.00000000000000E+00   -.11986995458057E+01   0.00000000000000E+00   0.56946736107593E-03   0.00000000000000E+00   0.00000000000000E+00
 0.00000000000000E+00   0.00000000000000E+00   0.00000000000000E+00   0.00000000000000E+00   0.00000000000000E+00   -.30051960466422E+01
 0.00000000000000E+00   -.24497808798894E+00   0.00000000000000E+00   0.00000000000000E+00   -.53118659737767E+00   0.00000000000000E+00   0.84230314478385E-04   0.00000000000000E+00   0.00000000000000E+00
 0.00000000000000E+00   0.00000000000000E+00   0.00000000000000E+00   0.00000000000000E+00   0.00000000000000E+00   -.26068706045560E+01
 0.00000000000000E+00   0.27355199685327E+00   0.00000000000000E+00   0.00000000000000E+00   0.38973924617272E+00   0.00000000000000E+00   0.62372040583895E-02   0.00000000000000E+00   0.00000000000000E+00
 0.00000000000000E+00   0.00000000000000E+00   0.00000000000000E+00   0.00000000000000E+00   0.00000000000000E+00   0.35557160990816E+01
