$coord
    1.39335214096134     -0.76295979599327      0.00000000000000      n
    1.28450387050719     -3.06825846229949      0.00000000000000      o
    3.32868180788653      0.49273279064341      0.00000000000000      o
   -1.08606004368473      0.62725172488179      0.00000000000000      c
   -0.69904604927286      2.63955976186653      0.00000000000000      h
   -2.11071586319875      0.03583699045051     -1.68078912798416      h
   -2.11071586319875      0.03583699045051      1.68078912798416      h
$redundant
     number_of_atoms             7
     degrees_of_freedom         10
     internal_coordinates       10
     frozen_coordinates          0
# definitions of redundant internals
   1 k  1.0000000000000 stre    1    3           val=   2.30700
   2 k  1.0000000000000 stre    1    2           val=   2.30787
   3 k  1.0000000000000 stre    4    5           val=   2.04919
   4 k  1.0000000000000 stre    1    4           val=   2.84256
   5 k  1.0000000000000 stre    4    7           val=   2.05542
   6 k -0.4628891295483 bend    6    5    4      val=   2.41358
       -0.4628891295483 bend    7    5    4
       -0.2185770515443 bend    7    6    4
        0.3377445294461 bend    1    5    4
        0.4525593954717 bend    1    6    4
        0.4525593954718 bend    1    7    4
   7 k -0.2531046486666 bend    6    5    4      val=   0.03226
       -0.2531046486667 bend    7    5    4
        0.7812398089524 bend    7    6    4
       -0.4865660757537 bend    1    5    4
        0.1113415656445 bend    1    6    4
        0.1113415656445 bend    1    7    4
   8 k  0.8164358028044 bend    2    3    1      val=   4.25373
       -0.4168454690977 bend    4    3    1
       -0.3995903337067 bend    4    2    1
   9 k -0.0099622570628 bend    2    3    1      val=  -0.63945
       -0.7020730172563 bend    4    3    1
        0.7120352743192 bend    4    2    1
  10 k  0.1979426140603 bend    6    5    4      val=   0.71001
        0.1979426140603 bend    7    5    4
       -0.4106001753351 bend    7    6    4
       -0.6986153721534 bend    1    5    4
        0.3639927889971 bend    1    6    4
        0.3639927889971 bend    1    7    4
        10 non zero eigenvalues  of BmBt
           1           3.858130891    1    0
         1
           2           3.682899346    2    0
         2
           3           2.787197578    3    0
         3
           4           2.052178995    4    0
         4
           5           0.914196800    5    0
         5
           6           0.836692866    6    0
         6
           7           0.732254886    7    0
         7
           8           0.515179608    8    0
         8
           9           0.300669734    9    0
         9
          10           0.230659742   10    0
        10
$user-defined bonds
$end
