# Excitation spectrum ; written at 2023-10-25 16:50:45
#     Exc.     energy (Eh)   energy (eV)   energy (cm-1)   energy (nm)     Osc.(vel)      Osc.(len) 
       1 a'       0.278060       7.56639       61027.044       163.862     0.00968784     0.22474653
       2 a'       0.286390       7.79306       62855.299       159.096     0.00404580     0.00007733
       3 a'       0.297831       8.10440       65366.357       152.984     0.04528108     0.04732762
       4 a'       0.327058       8.89971       71780.998       139.313     0.01055721     0.04603407
       5 a'       0.330899       9.00422       72623.893       137.696     0.00649244     0.04378967
       6 a'       0.337093       9.17277       73983.373       135.166     0.01864479     0.04232856
       7 a'       0.346013       9.41549       75941.076       131.681     0.00498914     0.01923999
       8 a'       0.349889       9.52097       76791.840       130.222     0.01956727     0.07694565
       9 a'       0.351720       9.57079       77193.601       129.544     0.00633461     0.01052738
      10 a'       0.357669       9.73267       78499.281       127.390     0.13423472     0.18453239
       1 a"       0.156619       4.26183       34373.948       290.918     0.00000504     0.00004607
       2 a"       0.170777       4.64708       37481.189       266.801     0.00171993     0.00000027
       3 a"       0.305293       8.30745       67004.079       149.245     0.00007965     0.00005817
       4 a"       0.332611       9.05080       72999.611       136.987     0.00023082     0.00264697
       5 a"       0.344305       9.36901       75566.146       132.334     0.00008803     0.00003679
       6 a"       0.345529       9.40231       75834.743       131.866     0.00013081     0.00007362
       7 a"       0.354292       9.64077       77758.081       128.604     0.00010202     0.00021865
       8 a"       0.359056       9.77040       78803.615       126.898     0.01068055     0.01421338
       9 a"       0.363103       9.88053       79691.860       125.483     0.00056473     0.00068084
      10 a"       0.370246      10.07491       81259.630       123.062     0.00001699     0.00010289
