# Electronic transition moments of , IRREP a'  electric dipole (length) / electric dipole (velocity) / magnetic dipole
 0.14007919677669E+00   0.18066298516840E+00   0.00000000000000E+00   -.50926700992504E+00   -.97624176312958E+00   0.00000000000000E+00   0.00000000000000E+00   0.00000000000000E+00   0.34249632485344E-03
 -.31860357867969E+01   0.32300891566736E+01   -.57628658477635E-01   -.18298281784005E+01   0.00000000000000E+00   0.00000000000000E+00
 0.79686058093026E-01   0.12182161027725E+00   0.00000000000000E+00   0.13618708588544E-01   0.14816895939281E-01   0.00000000000000E+00   0.00000000000000E+00   0.00000000000000E+00   0.23606574892399E-02
 -.63923880203804E-01   -.11832892031559E+00   0.19794041492996E+00   -.44124332504543E-01   0.00000000000000E+00   0.00000000000000E+00
 -.41602347500610E+00   0.23447528750409E+00   0.00000000000000E+00   -.45375056420581E+00   0.18019941034840E+00   0.00000000000000E+00   0.00000000000000E+00   0.00000000000000E+00   0.21193858766833E-03
 -.63268300299273E+00   0.52397786981133E+00   0.17561322803855E+00   0.63383138756038E+00   0.00000000000000E+00   0.00000000000000E+00
 -.87994977525392E-01   -.20168244244330E+00   0.00000000000000E+00   -.17311764447076E+00   -.42562669805787E+00   0.00000000000000E+00   0.00000000000000E+00   0.00000000000000E+00   -.43025996494193E-02
 -.38957958404336E+00   0.57790422196768E+00   -.68893798465562E-01   -.29580659486358E+00   0.00000000000000E+00   0.00000000000000E+00
 0.16938087142639E+00   -.27222623704058E-01   0.00000000000000E+00   0.44529923489864E+00   0.14556018586709E-01   0.00000000000000E+00   0.00000000000000E+00   0.00000000000000E+00   0.44885522728550E-03
 0.97904345364902E+00   0.38691733431343E+00   -.19504043233617E+00   -.43716212761570E+00   0.00000000000000E+00   0.00000000000000E+00
 -.26305011004425E+00   0.11734732978125E+00   0.00000000000000E+00   -.40918272666810E+00   0.14464977645406E+00   0.00000000000000E+00   0.00000000000000E+00   0.00000000000000E+00   -.39726192947981E-03
 0.56949417494320E+00   -.10046410563952E+01   0.15819378655695E+00   -.14418716235367E+01   0.00000000000000E+00   0.00000000000000E+00
 -.57376259829076E-01   0.13541180655501E+00   0.00000000000000E+00   -.10099767184681E+00   0.27056735794299E+00   0.00000000000000E+00   0.00000000000000E+00   0.00000000000000E+00   -.13147453711613E-03
 0.28061532973022E+00   -.50404802379855E-01   0.25968440079710E-01   -.33265529636772E+00   0.00000000000000E+00   0.00000000000000E+00
 -.26915632679937E+00   0.10696320724151E+00   0.00000000000000E+00   -.56572547346211E+00   0.99126238081659E-01   0.00000000000000E+00   0.00000000000000E+00   0.00000000000000E+00   0.70950137759648E-03
 0.19834779671890E+00   -.11747792612869E-01   0.33037107255641E+00   -.43486275864330E+00   0.00000000000000E+00   0.00000000000000E+00
 -.11051235729329E+00   -.12166587758288E+00   0.00000000000000E+00   -.18016191405936E+00   -.11152765962804E+00   0.00000000000000E+00   0.00000000000000E+00   0.00000000000000E+00   -.35003320318184E-03
 0.10317178188964E+01   -.78081944797459E+00   0.25167104345274E+00   0.28428600154754E+00   0.00000000000000E+00   0.00000000000000E+00
 -.65627152229522E+00   0.36368128367447E+00   0.00000000000000E+00   -.76932732991772E+00   0.42665126444097E+00   0.00000000000000E+00   0.00000000000000E+00   0.00000000000000E+00   -.54623295653917E-03
 -.22937943855676E+01   -.10591650564634E+01   -.19042078058728E+00   0.95774794759806E+00   0.00000000000000E+00   0.00000000000000E+00
# Electronic transition moments of , IRREP a"  electric dipole (length) / electric dipole (velocity) / magnetic dipole
 0.00000000000000E+00   0.00000000000000E+00   -.69473146776837E-02   0.00000000000000E+00   0.00000000000000E+00   0.21004420061563E-01   0.18854097736211E-02   -.97395703453006E-03   0.00000000000000E+00
 0.00000000000000E+00   0.00000000000000E+00   0.00000000000000E+00   0.00000000000000E+00   0.39936352050037E-01   0.24022695446137E+00
 0.00000000000000E+00   0.00000000000000E+00   -.12290970260006E+00   0.00000000000000E+00   0.00000000000000E+00   -.15320760256735E-02   0.22200113650102E-02   0.40317278164057E-02   0.00000000000000E+00
 0.00000000000000E+00   0.00000000000000E+00   0.00000000000000E+00   0.00000000000000E+00   -.70265455613478E+00   0.32509720625197E+00
 0.00000000000000E+00   0.00000000000000E+00   -.19782481147808E-01   0.00000000000000E+00   0.00000000000000E+00   -.16906528928058E-01   -.15969687132442E-02   0.70705151121612E-03   0.00000000000000E+00
 0.00000000000000E+00   0.00000000000000E+00   0.00000000000000E+00   0.00000000000000E+00   -.45217814464616E+00   -.97343558365434E+00
 0.00000000000000E+00   0.00000000000000E+00   0.32263361243776E-01   0.00000000000000E+00   0.00000000000000E+00   0.10925776343158E+00   -.21875143932241E-02   0.10856670517931E-02   0.00000000000000E+00
 0.00000000000000E+00   0.00000000000000E+00   0.00000000000000E+00   0.00000000000000E+00   -.56926212967743E+00   -.49183953329175E+00
 0.00000000000000E+00   0.00000000000000E+00   0.19583692265562E-01   0.00000000000000E+00   0.00000000000000E+00   0.12659808647367E-01   0.89962918105816E-03   0.73130347583145E-05   0.00000000000000E+00
 0.00000000000000E+00   0.00000000000000E+00   0.00000000000000E+00   0.00000000000000E+00   0.28051556465251E+00   0.54431046499389E+00
 0.00000000000000E+00   0.00000000000000E+00   -.23830225612726E-01   0.00000000000000E+00   0.00000000000000E+00   -.17876914414381E-01   0.93601867070513E-03   -.46289970021084E-03   0.00000000000000E+00
 0.00000000000000E+00   0.00000000000000E+00   0.00000000000000E+00   0.00000000000000E+00   0.28204058632928E+00   0.48307093618687E+00
 0.00000000000000E+00   0.00000000000000E+00   -.20783026456630E-01   0.00000000000000E+00   0.00000000000000E+00   -.30425740331551E-01   0.41632940110695E-03   0.45850282082839E-03   0.00000000000000E+00
 0.00000000000000E+00   0.00000000000000E+00   0.00000000000000E+00   0.00000000000000E+00   0.82345633862061E+00   -.39050607879403E+00
 0.00000000000000E+00   0.00000000000000E+00   0.21123291657714E+00   0.00000000000000E+00   0.00000000000000E+00   0.24367639412683E+00   -.50480401149784E-03   -.10298161516683E-02   0.00000000000000E+00
 0.00000000000000E+00   0.00000000000000E+00   0.00000000000000E+00   0.00000000000000E+00   0.70737657511317E+00   -.18533699767232E+00
 0.00000000000000E+00   0.00000000000000E+00   0.48300446486710E-01   0.00000000000000E+00   0.00000000000000E+00   0.53033969883671E-01   -.93835645643281E-03   0.41390213352543E-03   0.00000000000000E+00
 0.00000000000000E+00   0.00000000000000E+00   0.00000000000000E+00   0.00000000000000E+00   -.17211111727452E+00   -.57866736307170E+00
 0.00000000000000E+00   0.00000000000000E+00   0.82973559479651E-02   0.00000000000000E+00   0.00000000000000E+00   0.20417243961803E-01   0.70192018692461E-03   0.82614087518221E-03   0.00000000000000E+00
 0.00000000000000E+00   0.00000000000000E+00   0.00000000000000E+00   0.00000000000000E+00   -.70918391931012E+00   0.16540856719076E-01
