$coord
    0.00000000000000      0.00000000000000      1.60347293829521      c
    0.00000000000000      0.00000000000000     -3.59896023961537      c
    2.29878830132338      0.00000000000000      0.33655081848663      c
   -2.29878830132338      0.00000000000000      0.33655081848663      c
   -2.28322845113458      0.00000000000000     -2.28896804814899      c
    2.28322845113458      0.00000000000000     -2.28896804814899      c
    4.04004563188496      0.00000000000000      1.40275882476503      h
   -4.04004563188496      0.00000000000000      1.40275882476503      h
   -4.05541522208997      0.00000000000000     -3.31160562799452      h
    4.05541522208997      0.00000000000000     -3.31160562799452      h
    0.00000000000000      0.00000000000000     -5.64617212849357      h
    0.00000000000000      0.00000000000000      4.40465228410705      n
    2.04887035486737      0.00000000000000      5.47976760574518      o
   -2.04887035486737      0.00000000000000      5.47976760574518      o
$redundant
     number_of_atoms            14
     degrees_of_freedom         13
     internal_coordinates       13
     frozen_coordinates          0
# definitions of redundant internals
   1 k  1.0000000000000 stre    5    9           val=   2.04608
   2 k  1.0000000000000 stre    2   11           val=   2.04721
   3 k  1.0000000000000 stre    1   12           val=   2.80118
   4 k  1.0000000000000 stre    3    6           val=   2.62556
   5 k  1.0000000000000 stre    3    7           val=   2.04176
   6 k -1.0000000000000 bend    1    6    3      val=   0.88274
        1.0000000000000 bend    3    2    6
       -1.0000000000000 bend    6    5    2
        1.0000000000000 bend    2    4    5
       -1.0000000000000 bend    5    1    4
        1.0000000000000 bend    4    3    1
   7 k -0.7071067811865 bend    1    7    3      val=   1.07993
        0.7071067811865 bend    6    7    3
   8 k -0.7071067811865 bend    4    9    5      val=   0.26032
        0.7071067811865 bend    2    9    5
   9 k  1.0000000000000 stre    6    2           val=   2.63234
  10 k  1.0000000000000 stre    4    1           val=   2.62479
  11 k  0.8164965809277 bend   14   13   12      val=   3.46860
       -0.4082482904639 bend    1   13   12
       -0.4082482904639 bend    1   14   12
  12 k  1.0000000000000 stre   12   14           val=   2.31382
  13 k -0.5000000000000 bend    1    6    3      val=   0.97113
       -0.5000000000000 bend    3    2    6
        1.0000000000000 bend    6    5    2
       -0.5000000000000 bend    2    4    5
       -0.5000000000000 bend    5    1    4
        1.0000000000000 bend    4    3    1
        13 non zero eigenvalues  of BmBt
           1           4.411149546    1    0
         1
           2           3.627964451    2    0
         2
           3           3.296628013    3    0
         3
           4           2.845481606    4    0
         4
           5           2.341066181    5    0
         5
           6           1.738328784    6    0
         6
           7           1.165333636    7    0
         7
           8           0.814300309    8    0
         8
           9           0.487721957    9    0
         9
          10           0.362248518   10    0
        10
          11           0.347343680   11    0
        11
          12           0.263475756   12    0
        12
          13           0.142868657   13    0
        13
$user-defined bonds
$end
