# Excitation spectrum ; written at 2023-10-10 09:03:22
#     Exc.     energy (Eh)   energy (eV)   energy (cm-1)   energy (nm)     Osc.(vel)      Osc.(len) 
       1 a1       0.221895       6.03806       48700.272       205.338     0.02865033     0.02788731
       2 a1       0.284995       7.75511       62549.180       159.874     0.40675028     0.40376776
       3 a1       0.367085       9.98888       80565.776       124.122     0.17094387     0.17034343
       4 a1       0.382411      10.40593       83929.452       119.148     0.03843970     0.03732671
       5 a1       0.409614      11.14616       89899.838       111.235     0.10954982     0.10746832
       6 a1       0.420132      11.43239       92208.411       108.450     0.18078592     0.18186345
       7 a1       0.426434      11.60386       93591.415       106.847     0.28996736     0.28904848
       8 a1       0.453348      12.33622       99498.363       100.504     0.16036116     0.15762451
       9 a1       0.461729      12.56429      101337.847        98.680     0.04629305     0.06217019
      10 a1       0.469142      12.76600      102964.774        97.121     0.02468064     0.02281138
       1 a2       0.126480       3.44171       27759.249       360.240     0.00000000     0.00000000
       2 a2       0.235169       6.39928       51613.709       193.747     0.00000000     0.00000000
       3 a2       0.324399       8.82735       71197.366       140.455     0.00000000     0.00000000
       4 a2       0.335619       9.13267       73659.948       135.759     0.00000000     0.00000000
       5 a2       0.367655      10.00441       80690.990       123.930     0.00000000     0.00000000
       6 a2       0.374463      10.18967       82185.210       121.676     0.00000000     0.00000000
       7 a2       0.378837      10.30868       83145.129       120.272     0.00000000     0.00000000
       8 a2       0.389952      10.61114       85584.623       116.843     0.00000000     0.00000000
       9 a2       0.393886      10.71818       86447.926       115.677     0.00000000     0.00000000
      10 a2       0.402401      10.94990       88316.879       113.229     0.00000000     0.00000000
       1 b1       0.162376       4.41849       35637.488       280.603     0.05430085     0.05598037
       2 b1       0.225788       6.14400       49554.741       201.797     0.06283328     0.06301247
       3 b1       0.295921       8.05242       64947.154       153.971     0.63643078     0.63769604
       4 b1       0.357471       9.72729       78455.848       127.460     0.27688144     0.27653791
       5 b1       0.392188      10.67199       86075.372       116.177     0.10849540     0.10718783
       6 b1       0.418274      11.38181       91800.494       108.932     0.24115052     0.24542019
       7 b1       0.435261      11.84405       95528.685       104.681     0.00001029     0.00002261
       8 b1       0.443200      12.06009       97271.185       102.805     0.00732735     0.00803456
       9 b1       0.462536      12.58626      101515.002        98.508     0.00714451     0.00321353
      10 b1       0.474466      12.91087      104133.219        96.031     0.01203854     0.01113455
       1 b2       0.167022       4.54489       36657.012       272.799     0.00195816     0.00202061
       2 b2       0.218225       5.93820       47894.812       208.791     0.00304762     0.00309253
       3 b2       0.320428       8.71928       70325.744       142.195     0.00802234     0.00932400
       4 b2       0.348900       9.49405       76574.699       130.591     0.01028763     0.01253240
       5 b2       0.377149      10.26274       82774.619       120.810     0.00700593     0.00785801
       6 b2       0.378428      10.29755       83055.312       120.402     0.00105701     0.00134336
       7 b2       0.389328      10.59414       85447.539       117.031     0.00843897     0.01145522
       8 b2       0.394920      10.74631       86674.818       115.374     0.00389616     0.00534379
       9 b2       0.405032      11.02148       88894.198       112.493     0.00166034     0.00206510
      10 b2       0.436921      11.88922       95893.019       104.283     0.00743029     0.00938397
# Excitation spectrum ; written at 2023-10-16 13:21:24
#     Exc.     energy (Eh)   energy (eV)   energy (cm-1)   energy (nm)     Osc.(vel)      Osc.(len) 
       1 a1       0.209735       5.70718       46031.515       217.242     0.00163479     0.01489926
       2 a1       0.265861       7.23444       58349.687       171.381     0.00000204     0.09209381
       3 a1       0.303163       8.24947       66536.487       150.293     0.02399746     0.00738712
       4 a1       0.330207       8.98539       72472.041       137.984     0.10653652     0.87333679
       5 a1       0.341623       9.29605       74977.682       133.373     0.00035259     0.00738690
       6 a1       0.348697       9.48852       76530.047       130.668     0.01095377     0.08810159
       7 a1       0.360247       9.80283       79065.169       126.478     0.01671239     0.15082568
       8 a1       0.382850      10.41787       84025.761       119.011     0.02760714     0.00780703
       9 a1       0.408713      11.12165       89702.138       111.480     0.00441119     0.01631819
      10 a1       0.421366      11.46595       92479.118       108.133     0.22705539     0.32577129
       1 a2       0.143648       3.90887       31527.165       317.187     0.00000000     0.00000000
       2 a2       0.223769       6.08908       49111.708       203.617     0.00000000     0.00000000
       3 a2       0.268363       7.30254       58898.948       169.782     0.00000000     0.00000000
       4 a2       0.298638       8.12635       65543.405       152.571     0.00000000     0.00000000
       5 a2       0.319755       8.70097       70178.039       142.495     0.00000000     0.00000000
       6 a2       0.326695       8.88983       71701.313       139.467     0.00000000     0.00000000
       7 a2       0.341624       9.29606       74977.753       133.373     0.00000000     0.00000000
       8 a2       0.343480       9.34657       75385.198       132.652     0.00000000     0.00000000
       9 a2       0.359471       9.78169       78894.674       126.751     0.00000000     0.00000000
      10 a2       0.377872      10.28241       82933.209       120.579     0.00000000     0.00000000
       1 b1       0.185640       5.05151       40743.175       245.440     0.02742735     0.03611899
       2 b1       0.243639       6.62974       53472.483       187.012     0.00563449     0.08950941
       3 b1       0.272873       7.42526       59888.755       166.976     0.00015856     0.09645035
       4 b1       0.310192       8.44074       68079.190       146.888     0.01010806     0.50100469
       5 b1       0.328347       8.93477       72063.742       138.766     0.06820802     0.15647927
       6 b1       0.360188       9.80123       79052.212       126.499     0.03405998     0.35475391
       7 b1       0.362161       9.85492       79485.254       125.809     0.02333107     0.25272492
       8 b1       0.370939      10.09377       81411.750       122.832     0.00107147     0.00073517
       9 b1       0.396445      10.78781       87009.566       114.930     0.00301642     0.00475309
      10 b1       0.421549      11.47093       92519.263       108.086     0.05086928     0.11462506
       1 b2       0.148154       4.03149       32516.145       307.540     0.00048083     0.00156896
       2 b2       0.188405       5.12675       41350.013       241.838     0.00032253     0.00408314
       3 b2       0.296451       8.06683       65063.394       153.696     0.00394313     0.00171800
       4 b2       0.313603       8.53356       68827.810       145.290     0.00642290     0.00492007
       5 b2       0.323523       8.80351       71005.100       140.835     0.01003238     0.00791065
       6 b2       0.342389       9.31688       75145.685       133.075     0.00523107     0.00592934
       7 b2       0.352465       9.59107       77357.215       129.270     0.00068396     0.00005079
       8 b2       0.358989       9.76858       78788.909       126.921     0.00014717     0.00002775
       9 b2       0.377965      10.28495       82953.738       120.549     0.00065069     0.00073703
      10 b2       0.382216      10.40063       83886.727       119.208     0.00011746     0.00308704
