# Electronic transition moments of , IRREP a1  electric dipole (length) / electric dipole (velocity) / magnetic dipole
 0.00000000000000E+00   0.00000000000000E+00   -.44008534739919E+00   0.00000000000000E+00   0.00000000000000E+00   -.43418562842478E+00   0.00000000000000E+00   0.00000000000000E+00   0.00000000000000E+00
 0.12252900597512E+00   -.61732071192016E-01   0.51969146345992E+00   0.00000000000000E+00   0.00000000000000E+00   0.00000000000000E+00
 0.00000000000000E+00   0.00000000000000E+00   -.14631569412982E+01   0.00000000000000E+00   0.00000000000000E+00   -.14577827332843E+01   0.00000000000000E+00   0.00000000000000E+00   0.00000000000000E+00
 0.91118345622691E+00   -.54717691901131E-01   0.13025394441769E+01   0.00000000000000E+00   0.00000000000000E+00   0.00000000000000E+00
 0.00000000000000E+00   0.00000000000000E+00   -.83577476891780E+00   0.00000000000000E+00   0.00000000000000E+00   -.83430565535583E+00   0.00000000000000E+00   0.00000000000000E+00   0.00000000000000E+00
 -.39870790934249E+01   0.38828074266279E+00   0.46663537417555E+01   0.00000000000000E+00   0.00000000000000E+00   0.00000000000000E+00
 0.00000000000000E+00   0.00000000000000E+00   0.38830284929681E+00   0.00000000000000E+00   0.00000000000000E+00   0.38264007256611E+00   0.00000000000000E+00   0.00000000000000E+00   0.00000000000000E+00
 -.33825122348955E+01   -.24613603976276E-01   0.29823559324350E+01   0.00000000000000E+00   0.00000000000000E+00   0.00000000000000E+00
 0.00000000000000E+00   0.00000000000000E+00   -.63337976211542E+00   0.00000000000000E+00   0.00000000000000E+00   -.62733363717057E+00   0.00000000000000E+00   0.00000000000000E+00   0.00000000000000E+00
 0.73057472082808E+00   0.24807301444969E+00   0.21548852901471E+01   0.00000000000000E+00   0.00000000000000E+00   0.00000000000000E+00
 0.00000000000000E+00   0.00000000000000E+00   -.80340553841525E+00   0.00000000000000E+00   0.00000000000000E+00   -.80579624698377E+00   0.00000000000000E+00   0.00000000000000E+00   0.00000000000000E+00
 -.26220751719788E+01   -.34620501132182E+00   0.14801708957725E+01   0.00000000000000E+00   0.00000000000000E+00   0.00000000000000E+00
 0.00000000000000E+00   0.00000000000000E+00   -.10099371351400E+01   0.00000000000000E+00   0.00000000000000E+00   -.10083356658879E+01   0.00000000000000E+00   0.00000000000000E+00   0.00000000000000E+00
 0.10892380970585E+01   0.15957334216281E+00   -.93208263184890E-01   0.00000000000000E+00   0.00000000000000E+00   0.00000000000000E+00
 0.00000000000000E+00   0.00000000000000E+00   0.72841589545568E+00   0.00000000000000E+00   0.00000000000000E+00   0.72217375439696E+00   0.00000000000000E+00   0.00000000000000E+00   0.00000000000000E+00
 -.12004151300118E+01   0.16493212269064E+00   -.38493451851508E+01   0.00000000000000E+00   0.00000000000000E+00   0.00000000000000E+00
 0.00000000000000E+00   0.00000000000000E+00   -.38780182528210E+00   0.00000000000000E+00   0.00000000000000E+00   -.44941033080829E+00   0.00000000000000E+00   0.00000000000000E+00   0.00000000000000E+00
 -.34891211803105E+00   -.16567820225729E+01   0.54090973400708E+01   0.00000000000000E+00   0.00000000000000E+00   0.00000000000000E+00
 0.00000000000000E+00   0.00000000000000E+00   0.28091290498965E+00   0.00000000000000E+00   0.00000000000000E+00   0.27006558942187E+00   0.00000000000000E+00   0.00000000000000E+00   0.00000000000000E+00
 0.82460558454661E+00   0.75834919058485E+00   -.13431076421651E+01   0.00000000000000E+00   0.00000000000000E+00   0.00000000000000E+00
# Electronic transition moments of , IRREP a2  electric dipole (length) / electric dipole (velocity) / magnetic dipole
 0.00000000000000E+00   0.00000000000000E+00   0.00000000000000E+00   0.00000000000000E+00   0.00000000000000E+00   0.00000000000000E+00   0.00000000000000E+00   0.00000000000000E+00   -.15738403761774E-02
 0.00000000000000E+00   0.00000000000000E+00   0.00000000000000E+00   0.61833440569247E+00   0.00000000000000E+00   0.00000000000000E+00
 0.00000000000000E+00   0.00000000000000E+00   0.00000000000000E+00   0.00000000000000E+00   0.00000000000000E+00   0.00000000000000E+00   0.00000000000000E+00   0.00000000000000E+00   0.18615531525782E-02
 0.00000000000000E+00   0.00000000000000E+00   0.00000000000000E+00   0.86160645810720E+00   0.00000000000000E+00   0.00000000000000E+00
 0.00000000000000E+00   0.00000000000000E+00   0.00000000000000E+00   0.00000000000000E+00   0.00000000000000E+00   0.00000000000000E+00   0.00000000000000E+00   0.00000000000000E+00   -.16741600850587E-02
 0.00000000000000E+00   0.00000000000000E+00   0.00000000000000E+00   -.13810628366830E+01   0.00000000000000E+00   0.00000000000000E+00
 0.00000000000000E+00   0.00000000000000E+00   0.00000000000000E+00   0.00000000000000E+00   0.00000000000000E+00   0.00000000000000E+00   0.00000000000000E+00   0.00000000000000E+00   0.56680359062788E-03
 0.00000000000000E+00   0.00000000000000E+00   0.00000000000000E+00   -.59967707838483E+00   0.00000000000000E+00   0.00000000000000E+00
 0.00000000000000E+00   0.00000000000000E+00   0.00000000000000E+00   0.00000000000000E+00   0.00000000000000E+00   0.00000000000000E+00   0.00000000000000E+00   0.00000000000000E+00   -.12379368775327E-02
 0.00000000000000E+00   0.00000000000000E+00   0.00000000000000E+00   -.43796877046341E+00   0.00000000000000E+00   0.00000000000000E+00
 0.00000000000000E+00   0.00000000000000E+00   0.00000000000000E+00   0.00000000000000E+00   0.00000000000000E+00   0.00000000000000E+00   0.00000000000000E+00   0.00000000000000E+00   -.24162442265659E-02
 0.00000000000000E+00   0.00000000000000E+00   0.00000000000000E+00   -.46581238717573E+00   0.00000000000000E+00   0.00000000000000E+00
 0.00000000000000E+00   0.00000000000000E+00   0.00000000000000E+00   0.00000000000000E+00   0.00000000000000E+00   0.00000000000000E+00   0.00000000000000E+00   0.00000000000000E+00   0.30167625132699E-03
 0.00000000000000E+00   0.00000000000000E+00   0.00000000000000E+00   0.84200449395161E+00   0.00000000000000E+00   0.00000000000000E+00
 0.00000000000000E+00   0.00000000000000E+00   0.00000000000000E+00   0.00000000000000E+00   0.00000000000000E+00   0.00000000000000E+00   0.00000000000000E+00   0.00000000000000E+00   0.18191076286575E-02
 0.00000000000000E+00   0.00000000000000E+00   0.00000000000000E+00   0.18391662974154E+01   0.00000000000000E+00   0.00000000000000E+00
 0.00000000000000E+00   0.00000000000000E+00   0.00000000000000E+00   0.00000000000000E+00   0.00000000000000E+00   0.00000000000000E+00   0.00000000000000E+00   0.00000000000000E+00   -.71673387070838E-02
 0.00000000000000E+00   0.00000000000000E+00   0.00000000000000E+00   -.20186979571074E+01   0.00000000000000E+00   0.00000000000000E+00
 0.00000000000000E+00   0.00000000000000E+00   0.00000000000000E+00   0.00000000000000E+00   0.00000000000000E+00   0.00000000000000E+00   0.00000000000000E+00   0.00000000000000E+00   -.35328829990177E-02
 0.00000000000000E+00   0.00000000000000E+00   0.00000000000000E+00   -.59330320323295E+00   0.00000000000000E+00   0.00000000000000E+00
# Electronic transition moments of , IRREP b1  electric dipole (length) / electric dipole (velocity) / magnetic dipole
 -.70825158362084E+00   0.00000000000000E+00   0.00000000000000E+00   -.71912125431853E+00   0.00000000000000E+00   0.00000000000000E+00   0.00000000000000E+00   0.65235800150872E-03   0.00000000000000E+00
 0.00000000000000E+00   0.00000000000000E+00   0.00000000000000E+00   0.00000000000000E+00   0.38435390834502E+01   0.00000000000000E+00
 0.64608559605116E+00   0.00000000000000E+00   0.00000000000000E+00   0.64700620487021E+00   0.00000000000000E+00   0.00000000000000E+00   0.00000000000000E+00   0.47375910898261E-03   0.00000000000000E+00
 0.00000000000000E+00   0.00000000000000E+00   0.00000000000000E+00   0.00000000000000E+00   -.95773443273802E+00   0.00000000000000E+00
 0.17961115897145E+01   0.00000000000000E+00   0.00000000000000E+00   0.17978960956828E+01   0.00000000000000E+00   0.00000000000000E+00   0.00000000000000E+00   0.63081205529464E-04   0.00000000000000E+00
 0.00000000000000E+00   0.00000000000000E+00   0.00000000000000E+00   0.00000000000000E+00   -.15378905729861E+01   0.00000000000000E+00
 -.10778840699772E+01   0.00000000000000E+00   0.00000000000000E+00   -.10772151949710E+01   0.00000000000000E+00   0.00000000000000E+00   0.00000000000000E+00   0.93383254413370E-02   0.00000000000000E+00
 0.00000000000000E+00   0.00000000000000E+00   0.00000000000000E+00   0.00000000000000E+00   0.16174537964954E+00   0.00000000000000E+00
 0.64417521092527E+00   0.00000000000000E+00   0.00000000000000E+00   0.64028169432841E+00   0.00000000000000E+00   0.00000000000000E+00   0.00000000000000E+00   -.26215490571379E-03   0.00000000000000E+00
 0.00000000000000E+00   0.00000000000000E+00   0.00000000000000E+00   0.00000000000000E+00   0.13138388462419E+01   0.00000000000000E+00
 -.92994954773232E+00   0.00000000000000E+00   0.00000000000000E+00   -.93814598313008E+00   0.00000000000000E+00   0.00000000000000E+00   0.00000000000000E+00   0.64229777009358E-02   0.00000000000000E+00
 0.00000000000000E+00   0.00000000000000E+00   0.00000000000000E+00   0.00000000000000E+00   0.33798042898194E+01   0.00000000000000E+00
 -.59555331353456E-02   0.00000000000000E+00   0.00000000000000E+00   -.88265349755345E-02   0.00000000000000E+00   0.00000000000000E+00   0.00000000000000E+00   -.34341200836403E-02   0.00000000000000E+00
 0.00000000000000E+00   0.00000000000000E+00   0.00000000000000E+00   0.00000000000000E+00   0.13802355167918E+01   0.00000000000000E+00
 0.15747776151415E+00   0.00000000000000E+00   0.00000000000000E+00   0.16490231369197E+00   0.00000000000000E+00   0.00000000000000E+00   0.00000000000000E+00   -.19344223987329E-02   0.00000000000000E+00
 0.00000000000000E+00   0.00000000000000E+00   0.00000000000000E+00   0.00000000000000E+00   0.24819100475087E+01   0.00000000000000E+00
 -.15221552117145E+00   0.00000000000000E+00   0.00000000000000E+00   -.10208539800837E+00   0.00000000000000E+00   0.00000000000000E+00   0.00000000000000E+00   0.14914822781792E-02   0.00000000000000E+00
 0.00000000000000E+00   0.00000000000000E+00   0.00000000000000E+00   0.00000000000000E+00   -.74436245538926E+00   0.00000000000000E+00
 -.19508781234081E+00   0.00000000000000E+00   0.00000000000000E+00   -.18762018875702E+00   0.00000000000000E+00   0.00000000000000E+00   0.00000000000000E+00   0.35452809397034E-02   0.00000000000000E+00
 0.00000000000000E+00   0.00000000000000E+00   0.00000000000000E+00   0.00000000000000E+00   0.36683964201362E+01   0.00000000000000E+00
# Electronic transition moments of , IRREP b2  electric dipole (length) / electric dipole (velocity) / magnetic dipole
 0.00000000000000E+00   -.13261229292692E+00   0.00000000000000E+00   0.00000000000000E+00   -.13471007483648E+00   0.00000000000000E+00   0.51207786836566E-03   0.00000000000000E+00   0.00000000000000E+00
 0.00000000000000E+00   0.00000000000000E+00   0.00000000000000E+00   0.00000000000000E+00   0.00000000000000E+00   0.63831083182323E+00
 0.00000000000000E+00   -.14473512242244E+00   0.00000000000000E+00   0.00000000000000E+00   -.14579753820884E+00   0.00000000000000E+00   -.29066276357308E-02   0.00000000000000E+00   0.00000000000000E+00
 0.00000000000000E+00   0.00000000000000E+00   0.00000000000000E+00   0.00000000000000E+00   0.00000000000000E+00   0.80372119783148E+00
 0.00000000000000E+00   0.19378995607572E+00   0.00000000000000E+00   0.00000000000000E+00   0.20892081173470E+00   0.00000000000000E+00   -.11619248535628E-02   0.00000000000000E+00   0.00000000000000E+00
 0.00000000000000E+00   0.00000000000000E+00   0.00000000000000E+00   0.00000000000000E+00   0.00000000000000E+00   0.10426312118304E+01
 0.00000000000000E+00   0.21030651381807E+00   0.00000000000000E+00   0.00000000000000E+00   0.23211985960280E+00   0.00000000000000E+00   0.67274029960699E-03   0.00000000000000E+00   0.00000000000000E+00
 0.00000000000000E+00   0.00000000000000E+00   0.00000000000000E+00   0.00000000000000E+00   0.00000000000000E+00   -.61876169936490E+00
 0.00000000000000E+00   0.16692524382253E+00   0.00000000000000E+00   0.00000000000000E+00   0.17678504581997E+00   0.00000000000000E+00   -.95850337453807E-03   0.00000000000000E+00   0.00000000000000E+00
 0.00000000000000E+00   0.00000000000000E+00   0.00000000000000E+00   0.00000000000000E+00   0.00000000000000E+00   -.51978847039669E+00
 0.00000000000000E+00   -.64728313263437E-01   0.00000000000000E+00   0.00000000000000E+00   -.72970916055718E-01   0.00000000000000E+00   -.36624829205125E-02   0.00000000000000E+00   0.00000000000000E+00
 0.00000000000000E+00   0.00000000000000E+00   0.00000000000000E+00   0.00000000000000E+00   0.00000000000000E+00   0.10716652950074E+01
 0.00000000000000E+00   -.18031540880046E+00   0.00000000000000E+00   0.00000000000000E+00   -.21008245990773E+00   0.00000000000000E+00   0.38100891986772E-02   0.00000000000000E+00   0.00000000000000E+00
 0.00000000000000E+00   0.00000000000000E+00   0.00000000000000E+00   0.00000000000000E+00   0.00000000000000E+00   -.22060394480437E+01
 0.00000000000000E+00   -.12164933211668E+00   0.00000000000000E+00   0.00000000000000E+00   -.14246750589532E+00   0.00000000000000E+00   0.57711531014358E-03   0.00000000000000E+00   0.00000000000000E+00
 0.00000000000000E+00   0.00000000000000E+00   0.00000000000000E+00   0.00000000000000E+00   0.00000000000000E+00   -.44596213401248E+00
 0.00000000000000E+00   -.78415175249736E-01   0.00000000000000E+00   0.00000000000000E+00   -.87452393996829E-01   0.00000000000000E+00   0.88390236472306E-02   0.00000000000000E+00   0.00000000000000E+00
 0.00000000000000E+00   0.00000000000000E+00   0.00000000000000E+00   0.00000000000000E+00   0.00000000000000E+00   -.15386292299396E+01
 0.00000000000000E+00   0.15971553133477E+00   0.00000000000000E+00   0.00000000000000E+00   0.17948893814164E+00   0.00000000000000E+00   0.22337160937040E-02   0.00000000000000E+00   0.00000000000000E+00
 0.00000000000000E+00   0.00000000000000E+00   0.00000000000000E+00   0.00000000000000E+00   0.00000000000000E+00   -.16012748160935E+00
# Electronic transition moments of , IRREP a1  electric dipole (length) / electric dipole (velocity) / magnetic dipole
 0.00000000000000E+00   0.00000000000000E+00   -.10812872391593E+00   0.00000000000000E+00   0.00000000000000E+00   0.32643178898645E+00   0.00000000000000E+00   0.00000000000000E+00   0.00000000000000E+00
 -.41689915762218E-01   0.52967385364542E-01   -.40380736199121E+00   0.00000000000000E+00   0.00000000000000E+00   0.00000000000000E+00
 0.00000000000000E+00   0.00000000000000E+00   0.33920022058352E-02   0.00000000000000E+00   0.00000000000000E+00   -.72083147419141E+00   0.00000000000000E+00   0.00000000000000E+00   0.00000000000000E+00
 0.67029205292349E+00   -.10685280345401E+00   0.57653405039355E+00   0.00000000000000E+00   0.00000000000000E+00   0.00000000000000E+00
 0.00000000000000E+00   0.00000000000000E+00   -.34458031466640E+00   0.00000000000000E+00   0.00000000000000E+00   -.19118130067861E+00   0.00000000000000E+00   0.00000000000000E+00   0.00000000000000E+00
 -.28495781338012E+01   0.11130906894147E+00   0.14576721692776E+01   0.00000000000000E+00   0.00000000000000E+00   0.00000000000000E+00
 0.00000000000000E+00   0.00000000000000E+00   -.69566764825960E+00   0.00000000000000E+00   0.00000000000000E+00   -.19917894421238E+01   0.00000000000000E+00   0.00000000000000E+00   0.00000000000000E+00
 -.79652093380588E+00   0.88219165666567E-01   0.28809344254273E+01   0.00000000000000E+00   0.00000000000000E+00   0.00000000000000E+00
 0.00000000000000E+00   0.00000000000000E+00   -.39346727332360E-01   0.00000000000000E+00   0.00000000000000E+00   -.18009553874736E+00   0.00000000000000E+00   0.00000000000000E+00   0.00000000000000E+00
 0.35408993144379E+01   -.96666308843132E-01   -.27434616223915E+01   0.00000000000000E+00   0.00000000000000E+00   0.00000000000000E+00
 0.00000000000000E+00   0.00000000000000E+00   0.21707193555864E+00   0.00000000000000E+00   0.00000000000000E+00   0.61562137039844E+00   0.00000000000000E+00   0.00000000000000E+00   0.00000000000000E+00
 -.14859109017438E+01   0.68224268116455E-01   0.80597563162057E+00   0.00000000000000E+00   0.00000000000000E+00   0.00000000000000E+00
 0.00000000000000E+00   0.00000000000000E+00   -.26379373063730E+00   0.00000000000000E+00   0.00000000000000E+00   -.79247001260606E+00   0.00000000000000E+00   0.00000000000000E+00   0.00000000000000E+00
 0.18070495042568E+00   -.99017297983995E-01   0.10444518825606E+01   0.00000000000000E+00   0.00000000000000E+00   0.00000000000000E+00
 0.00000000000000E+00   0.00000000000000E+00   -.32888366538756E+00   0.00000000000000E+00   0.00000000000000E+00   -.17489381985784E+00   0.00000000000000E+00   0.00000000000000E+00   0.00000000000000E+00
 0.46323861026201E+00   0.39647696102508E+00   0.14282102952271E+01   0.00000000000000E+00   0.00000000000000E+00   0.00000000000000E+00
 0.00000000000000E+00   0.00000000000000E+00   -.12723719646909E+00   0.00000000000000E+00   0.00000000000000E+00   -.24472167729462E+00   0.00000000000000E+00   0.00000000000000E+00   0.00000000000000E+00
 -.41361475568290E+01   -.23414165453868E+00   0.44948550678214E+01   0.00000000000000E+00   0.00000000000000E+00   0.00000000000000E+00
 0.00000000000000E+00   0.00000000000000E+00   -.89904589088307E+00   0.00000000000000E+00   0.00000000000000E+00   -.10768925063883E+01   0.00000000000000E+00   0.00000000000000E+00   0.00000000000000E+00
 0.21805233108496E+01   0.22284426183369E+00   -.67855265343500E+00   0.00000000000000E+00   0.00000000000000E+00   0.00000000000000E+00
# Electronic transition moments of , IRREP a2  electric dipole (length) / electric dipole (velocity) / magnetic dipole
 0.00000000000000E+00   0.00000000000000E+00   0.00000000000000E+00   0.00000000000000E+00   0.00000000000000E+00   0.00000000000000E+00   0.00000000000000E+00   0.00000000000000E+00   0.10880602409772E-02
 0.00000000000000E+00   0.00000000000000E+00   0.00000000000000E+00   -.51418933754637E+00   0.00000000000000E+00   0.00000000000000E+00
 0.00000000000000E+00   0.00000000000000E+00   0.00000000000000E+00   0.00000000000000E+00   0.00000000000000E+00   0.00000000000000E+00   0.00000000000000E+00   0.00000000000000E+00   0.11207532269238E-02
 0.00000000000000E+00   0.00000000000000E+00   0.00000000000000E+00   0.59192678786078E+00   0.00000000000000E+00   0.00000000000000E+00
 0.00000000000000E+00   0.00000000000000E+00   0.00000000000000E+00   0.00000000000000E+00   0.00000000000000E+00   0.00000000000000E+00   0.00000000000000E+00   0.00000000000000E+00   0.10053090070323E-02
 0.00000000000000E+00   0.00000000000000E+00   0.00000000000000E+00   -.37577891106622E+00   0.00000000000000E+00   0.00000000000000E+00
 0.00000000000000E+00   0.00000000000000E+00   0.00000000000000E+00   0.00000000000000E+00   0.00000000000000E+00   0.00000000000000E+00   0.00000000000000E+00   0.00000000000000E+00   -.14089431012804E-02
 0.00000000000000E+00   0.00000000000000E+00   0.00000000000000E+00   -.96312756425005E+00   0.00000000000000E+00   0.00000000000000E+00
 0.00000000000000E+00   0.00000000000000E+00   0.00000000000000E+00   0.00000000000000E+00   0.00000000000000E+00   0.00000000000000E+00   0.00000000000000E+00   0.00000000000000E+00   0.58979604087077E-03
 0.00000000000000E+00   0.00000000000000E+00   0.00000000000000E+00   -.19222414235705E-01   0.00000000000000E+00   0.00000000000000E+00
 0.00000000000000E+00   0.00000000000000E+00   0.00000000000000E+00   0.00000000000000E+00   0.00000000000000E+00   0.00000000000000E+00   0.00000000000000E+00   0.00000000000000E+00   0.34171972708479E-03
 0.00000000000000E+00   0.00000000000000E+00   0.00000000000000E+00   0.24070360819522E+00   0.00000000000000E+00   0.00000000000000E+00
 0.00000000000000E+00   0.00000000000000E+00   0.00000000000000E+00   0.00000000000000E+00   0.00000000000000E+00   0.00000000000000E+00   0.00000000000000E+00   0.00000000000000E+00   0.31821516883638E-02
 0.00000000000000E+00   0.00000000000000E+00   0.00000000000000E+00   0.40126421722492E+00   0.00000000000000E+00   0.00000000000000E+00
 0.00000000000000E+00   0.00000000000000E+00   0.00000000000000E+00   0.00000000000000E+00   0.00000000000000E+00   0.00000000000000E+00   0.00000000000000E+00   0.00000000000000E+00   -.21678499545927E-02
 0.00000000000000E+00   0.00000000000000E+00   0.00000000000000E+00   -.11119357996555E+01   0.00000000000000E+00   0.00000000000000E+00
 0.00000000000000E+00   0.00000000000000E+00   0.00000000000000E+00   0.00000000000000E+00   0.00000000000000E+00   0.00000000000000E+00   0.00000000000000E+00   0.00000000000000E+00   0.36117278619583E-03
 0.00000000000000E+00   0.00000000000000E+00   0.00000000000000E+00   0.58430042715274E+00   0.00000000000000E+00   0.00000000000000E+00
 0.00000000000000E+00   0.00000000000000E+00   0.00000000000000E+00   0.00000000000000E+00   0.00000000000000E+00   0.00000000000000E+00   0.00000000000000E+00   0.00000000000000E+00   -.17362304620298E-02
 0.00000000000000E+00   0.00000000000000E+00   0.00000000000000E+00   0.10153160967243E+00   0.00000000000000E+00   0.00000000000000E+00
# Electronic transition moments of , IRREP b1  electric dipole (length) / electric dipole (velocity) / magnetic dipole
 -.47076292013612E+00   0.00000000000000E+00   0.00000000000000E+00   0.54022935129805E+00   0.00000000000000E+00   0.00000000000000E+00   0.00000000000000E+00   0.45531480231235E-03   0.00000000000000E+00
 0.00000000000000E+00   0.00000000000000E+00   0.00000000000000E+00   0.00000000000000E+00   -.35564079296779E+01   0.00000000000000E+00
 -.18625159419322E+00   0.00000000000000E+00   0.00000000000000E+00   -.74234699661072E+00   0.00000000000000E+00   0.00000000000000E+00   0.00000000000000E+00   -.48132600845083E-03   0.00000000000000E+00
 0.00000000000000E+00   0.00000000000000E+00   0.00000000000000E+00   0.00000000000000E+00   0.10763844866493E+01   0.00000000000000E+00
 0.29523173244492E-01   0.00000000000000E+00   0.00000000000000E+00   0.72814364351123E+00   0.00000000000000E+00   0.00000000000000E+00   0.00000000000000E+00   0.49605658450614E-02   0.00000000000000E+00
 0.00000000000000E+00   0.00000000000000E+00   0.00000000000000E+00   0.00000000000000E+00   -.86488238776313E+00   0.00000000000000E+00
 -.22108762265392E+00   0.00000000000000E+00   0.00000000000000E+00   -.15565085084015E+01   0.00000000000000E+00   0.00000000000000E+00   0.00000000000000E+00   0.10641341177414E-02   0.00000000000000E+00
 0.00000000000000E+00   0.00000000000000E+00   0.00000000000000E+00   0.00000000000000E+00   0.15843584438173E+01   0.00000000000000E+00
 0.55820936590271E+00   0.00000000000000E+00   0.00000000000000E+00   0.84548866079335E+00   0.00000000000000E+00   0.00000000000000E+00   0.00000000000000E+00   -.10098967044420E-02   0.00000000000000E+00
 0.00000000000000E+00   0.00000000000000E+00   0.00000000000000E+00   0.00000000000000E+00   0.40337058197809E+00   0.00000000000000E+00
 -.37661965671475E+00   0.00000000000000E+00   0.00000000000000E+00   -.12154703665079E+01   0.00000000000000E+00   0.00000000000000E+00   0.00000000000000E+00   0.73734351496203E-02   0.00000000000000E+00
 0.00000000000000E+00   0.00000000000000E+00   0.00000000000000E+00   0.00000000000000E+00   0.19977443668103E+00   0.00000000000000E+00
 -.31085783767035E+00   0.00000000000000E+00   0.00000000000000E+00   -.10231010826374E+01   0.00000000000000E+00   0.00000000000000E+00   0.00000000000000E+00   0.11501965874049E-02   0.00000000000000E+00
 0.00000000000000E+00   0.00000000000000E+00   0.00000000000000E+00   0.00000000000000E+00   0.36111334704890E-01   0.00000000000000E+00
 -.65823868222664E-01   0.00000000000000E+00   0.00000000000000E+00   -.54523953651998E-01   0.00000000000000E+00   0.00000000000000E+00   0.00000000000000E+00   0.15747088196440E-02   0.00000000000000E+00
 0.00000000000000E+00   0.00000000000000E+00   0.00000000000000E+00   0.00000000000000E+00   -.18504363400158E+01   0.00000000000000E+00
 -.10683169413825E+00   0.00000000000000E+00   0.00000000000000E+00   -.13410416617583E+00   0.00000000000000E+00   0.00000000000000E+00   0.00000000000000E+00   0.92696616351188E-03   0.00000000000000E+00
 0.00000000000000E+00   0.00000000000000E+00   0.00000000000000E+00   0.00000000000000E+00   -.90354332939240E+00   0.00000000000000E+00
 -.42545095124241E+00   0.00000000000000E+00   0.00000000000000E+00   -.63864791670516E+00   0.00000000000000E+00   0.00000000000000E+00   0.00000000000000E+00   0.54846668062924E-02   0.00000000000000E+00
 0.00000000000000E+00   0.00000000000000E+00   0.00000000000000E+00   0.00000000000000E+00   0.39131454125681E+01   0.00000000000000E+00
# Electronic transition moments of , IRREP b2  electric dipole (length) / electric dipole (velocity) / magnetic dipole
 0.00000000000000E+00   0.69772199810155E-01   0.00000000000000E+00   0.00000000000000E+00   0.12603577908532E+00   0.00000000000000E+00   -.80891194370228E-03   0.00000000000000E+00   0.00000000000000E+00
 0.00000000000000E+00   0.00000000000000E+00   0.00000000000000E+00   0.00000000000000E+00   0.00000000000000E+00   -.60265437585391E+00
 0.00000000000000E+00   -.50673923299952E-01   0.00000000000000E+00   0.00000000000000E+00   -.18030058061902E+00   0.00000000000000E+00   -.23173527648504E-02   0.00000000000000E+00   0.00000000000000E+00
 0.00000000000000E+00   0.00000000000000E+00   0.00000000000000E+00   0.00000000000000E+00   0.00000000000000E+00   0.89676181401504E+00
 0.00000000000000E+00   -.14125052797061E+00   0.00000000000000E+00   0.00000000000000E+00   -.93235337768841E-01   0.00000000000000E+00   0.11324486567173E-02   0.00000000000000E+00   0.00000000000000E+00
 0.00000000000000E+00   0.00000000000000E+00   0.00000000000000E+00   0.00000000000000E+00   0.00000000000000E+00   -.87098481750417E+00
 0.00000000000000E+00   -.17527563024932E+00   0.00000000000000E+00   0.00000000000000E+00   -.15340568999891E+00   0.00000000000000E+00   0.18331366311163E-02   0.00000000000000E+00   0.00000000000000E+00
 0.00000000000000E+00   0.00000000000000E+00   0.00000000000000E+00   0.00000000000000E+00   0.00000000000000E+00   -.24299061331895E+00
 0.00000000000000E+00   -.21567256642920E+00   0.00000000000000E+00   0.00000000000000E+00   -.19151341887178E+00   0.00000000000000E+00   -.54556317959870E-03   0.00000000000000E+00   0.00000000000000E+00
 0.00000000000000E+00   0.00000000000000E+00   0.00000000000000E+00   0.00000000000000E+00   0.00000000000000E+00   0.11016580457896E+00
 0.00000000000000E+00   0.15138432765391E+00   0.00000000000000E+00   0.00000000000000E+00   0.16117181792245E+00   0.00000000000000E+00   -.19297781983289E-03   0.00000000000000E+00   0.00000000000000E+00
 0.00000000000000E+00   0.00000000000000E+00   0.00000000000000E+00   0.00000000000000E+00   0.00000000000000E+00   0.11829144741628E+00
 0.00000000000000E+00   -.53951354330177E-01   0.00000000000000E+00   0.00000000000000E+00   -.14702276971614E-01   0.00000000000000E+00   0.48853224361624E-02   0.00000000000000E+00   0.00000000000000E+00
 0.00000000000000E+00   0.00000000000000E+00   0.00000000000000E+00   0.00000000000000E+00   0.00000000000000E+00   -.11232738641044E+01
 0.00000000000000E+00   -.24798119587042E-01   0.00000000000000E+00   0.00000000000000E+00   -.10767126532317E-01   0.00000000000000E+00   0.75654708878485E-03   0.00000000000000E+00   0.00000000000000E+00
 0.00000000000000E+00   0.00000000000000E+00   0.00000000000000E+00   0.00000000000000E+00   0.00000000000000E+00   0.42120468360840E+00
 0.00000000000000E+00   -.50816671495579E-01   0.00000000000000E+00   0.00000000000000E+00   -.54083160859579E-01   0.00000000000000E+00   -.12136477109489E-02   0.00000000000000E+00   0.00000000000000E+00
 0.00000000000000E+00   0.00000000000000E+00   0.00000000000000E+00   0.00000000000000E+00   0.00000000000000E+00   -.94394779673231E+00
 0.00000000000000E+00   0.21470220876374E-01   0.00000000000000E+00   0.00000000000000E+00   0.11006838207295E+00   0.00000000000000E+00   -.74957210097301E-02   0.00000000000000E+00   0.00000000000000E+00
 0.00000000000000E+00   0.00000000000000E+00   0.00000000000000E+00   0.00000000000000E+00   0.00000000000000E+00   0.24788253873374E+01
