$coord
   -1.21680520860394     -0.54798775393962      0.00000000000000      c
    1.47055313025082     -0.57606449566456      0.00000000000000      c
   -2.52647247454273      1.78147434076481      0.00000000000000      c
   -1.19513250861771      4.00686382689190      0.00000000000000      c
    1.47815466443806      3.98090615676062      0.00000000000000      c
    2.79470859596070      1.74496958453309      0.00000000000000      c
    2.76725161726604     -2.80196220355075      0.00000000000000      n
   -2.40664480039102     -2.94318393810725      0.00000000000000      c
   -1.14311418574700     -5.07594636702135      0.00000000000000      n
    1.42140757880576     -4.87823353872484      0.00000000000000      c
   -4.45962994560411     -3.06626246019163      0.00000000000000      h
    2.44281169475050     -6.65619490043900      0.00000000000000      h
   -4.57590075586684      1.78208415602799      0.00000000000000      h
   -2.18431645276425      5.79880374429824      0.00000000000000      h
    2.49366291997501      5.75900268414323      0.00000000000000      h
    4.83946613069075      1.69173116421906      0.00000000000000      h
$redundant
     number_of_atoms            16
     degrees_of_freedom         29
     internal_coordinates       29
     frozen_coordinates          0
# definitions of redundant internals
   1 k  1.0000000000000 stre   10   12           val=   2.05047
   2 k  1.0000000000000 stre    6   16           val=   2.04545
   3 k  1.0000000000000 stre    1    3           val=   2.67238
   4 k  1.0000000000000 stre    4    5           val=   2.67341
   5 k  1.0000000000000 stre    5    6           val=   2.59475
   6 k  1.0000000000000 stre    9   10           val=   2.57213
   7 k  1.0000000000000 stre    7    2           val=   2.57605
   8 k  1.0000000000000 stre    3    4           val=   2.59323
   9 k  1.0000000000000 stre    4   14           val=   2.04684
  10 k  1.0000000000000 stre    5   15           val=   2.04765
  11 k  1.0000000000000 stre    6    2           val=   2.67219
  12 k  1.0000000000000 stre    1    8           val=   2.67445
  13 k  1.0000000000000 stre    8    9           val=   2.47895
  14 k  1.0000000000000 stre    8   11           val=   2.05667
  15 k  1.0000000000000 stre   10    7           val=   2.47431
  16 k  1.0000000000000 stre    3   13           val=   2.04943
  17 k  1.0000000000000 stre    1    2           val=   2.68751
  18 k -1.0000000000000 bend    2    8    1      val=   3.70699
        1.0000000000000 bend    1    9    8
       -1.0000000000000 bend    8   10    9
        1.0000000000000 bend    9    7   10
       -1.0000000000000 bend   10    2    7
        1.0000000000000 bend    7    1    2
  19 k -1.0000000000000 bend    2    3    1      val=  -0.02756
        1.0000000000000 bend    1    4    3
       -1.0000000000000 bend    3    5    4
        1.0000000000000 bend    4    6    5
       -1.0000000000000 bend    5    2    6
        1.0000000000000 bend    6    1    2
  20 k  0.7071067811865 bend    5   16    6      val=   1.88413
       -0.7071067811865 bend    2   16    6
  21 k  0.7071067811865 bend    4   13    3      val=   0.75519
       -0.7071067811865 bend    1   13    3
  22 k -0.7071067811865 bend    3   14    4      val=  -0.37733
        0.7071067811865 bend    5   14    4
  23 k  0.7071067811865 bend    6   15    5      val=   0.30145
       -0.7071067811865 bend    4   15    5
  24 k -0.7071067811865 bend    9   11    8      val=   1.31696
        0.7071067811865 bend    1   11    8
  25 k -0.7071067811865 bend    7   12   10      val=  -0.85203
        0.7071067811865 bend    9   12   10
  26 k  0.8660254037844 bend    2    8    1      val=   0.85315
       -0.8660254037844 bend    1    9    8
        0.8660254037844 bend    9    7   10
       -0.8660254037844 bend   10    2    7
  27 k -0.5000000000000 bend    2    8    1      val=  -1.10356
       -0.5000000000000 bend    1    9    8
        1.0000000000000 bend    8   10    9
       -0.5000000000000 bend    9    7   10
       -0.5000000000000 bend   10    2    7
        1.0000000000000 bend    7    1    2
  28 k  0.8660254037844 bend    2    3    1      val=   0.35531
       -0.8660254037844 bend    1    4    3
        0.8660254037844 bend    4    6    5
       -0.8660254037844 bend    5    2    6
  29 k -0.5000000000000 bend    2    3    1      val=  -0.21002
       -0.5000000000000 bend    1    4    3
        1.0000000000000 bend    3    5    4
       -0.5000000000000 bend    4    6    5
       -0.5000000000000 bend    5    2    6
        1.0000000000000 bend    6    1    2
        29 non zero eigenvalues  of BmBt
           1           4.656806072    1    0
         1
           2           4.178322163    2    0
         2
           3           3.828201731    3    0
         3
           4           3.733562983    4    0
         4
           5           3.515909182    5    0
         5
           6           3.260210263    6    0
         6
           7           3.217212154    7    0
         7
           8           3.034874482    8    0
         8
           9           2.848851288    9    0
         9
          10           2.752718295   10    0
        10
          11           2.305821528   11    0
        11
          12           1.880941085   12    0
        12
          13           1.794054843   13    0
        13
          14           1.728095210   14    0
        14
          15           1.493571396   15    0
        15
          16           1.305470435   16    0
        16
          17           1.024008639   17    0
        17
          18           0.923372964   18    0
        18
          19           0.671394670   19    0
        19
          20           0.502938503   20    0
        20
          21           0.416237576   21    0
        21
          22           0.384115685   22    0
        22
          23           0.354761617   23    0
        23
          24           0.324077024   24    0
        24
          25           0.317777997   25    0
        25
          26           0.268915140   26    0
        26
          27           0.214538299   27    0
        27
          28           0.140972954   28    0
        28
          29           0.048293254   29    0
        29
$user-defined bonds
$end
