# Excitation spectrum ; written at 2023-10-18 16:53:27
#     Exc.     energy (Eh)   energy (eV)   energy (cm-1)   energy (nm)     Osc.(vel)      Osc.(len) 
       1 a'       0.116313       3.16504       25527.754       391.731     0.45146360     0.28317684
       2 a'       0.149522       4.06871       32816.383       304.726     1.36702213     1.11644381
       3 a'       0.158313       4.30790       34745.595       287.806     0.88895945     0.74383836
       4 a'       0.172433       4.69214       37844.628       264.238     0.13497857     0.12233682
       5 a'       0.180542       4.91280       39624.399       252.370     0.40094864     0.35319035
       6 a'       0.207835       5.65547       45614.471       219.229     0.04460380     0.03999103
       7 a'       0.219596       5.97551       48195.762       207.487     0.23806307     0.19480296
       8 a'       0.233893       6.36454       51333.492       194.805     0.03826396     0.03308307
       9 a'       0.245485       6.67998       53877.633       185.606     0.06003581     0.04721440
      10 a'       0.258082       7.02278       56642.523       176.546     0.00513700     0.00376404
       1 a"       0.125465       3.41407       27536.352       363.156     0.02778575     0.01037472
       2 a"       0.161511       4.39494       35447.593       282.107     0.00038392     0.00015529
       3 a"       0.178895       4.86799       39263.020       254.693     0.00300452     0.00152010
       4 a"       0.212207       5.77445       46574.071       214.712     0.01276110     0.00761798
       5 a"       0.214712       5.84262       47123.885       212.207     0.01353409     0.00718686
       6 a"       0.249700       6.79469       54802.874       182.472     0.00699422     0.00383545
       7 a"       0.256419       6.97752       56277.532       177.691     0.00017069     0.00008691
       8 a"       0.270984       7.37386       59474.176       168.140     0.00038013     0.00034834
       9 a"       0.272805       7.42341       59873.823       167.018     0.00008973     0.00015714
      10 a"       0.278304       7.57303       61080.642       163.718     0.00084913     0.00052997
