# Electronic transition moments of , IRREP a'  electric dipole (length) / electric dipole (velocity) / magnetic dipole
 0.23923510921494E+01   0.31438441257159E+00   0.00000000000000E+00   0.18922633777387E+01   0.26693590179663E+00   0.00000000000000E+00   0.00000000000000E+00   0.00000000000000E+00   -.12562608934868E-03
 0.22182546221208E+00   -.60549561767999E+00   -.20830327007290E+00   -.38096544893747E+00   0.00000000000000E+00   0.00000000000000E+00
 0.46540696035177E+00   0.36738642611536E+01   0.00000000000000E+00   0.44624455582818E+00   0.33167697721529E+01   0.00000000000000E+00   0.00000000000000E+00   0.00000000000000E+00   0.98466477977451E-03
 -.77506780780126E+00   -.12434996040893E+01   0.85881540397082E-01   -.77318946128125E+00   0.00000000000000E+00   0.00000000000000E+00
 0.10853978020808E+01   -.26916048484955E+01   0.00000000000000E+00   0.10586787891282E+01   -.24345456745092E+01   0.00000000000000E+00   0.00000000000000E+00   0.00000000000000E+00   0.27819439475319E-04
 -.10338539030553E+00   -.15326148522749E+00   -.89413360525809E-01   -.11709875522293E+01   0.00000000000000E+00   0.00000000000000E+00
 -.78656222273783E+00   -.74532134596561E+00   0.00000000000000E+00   -.77913678900928E+00   -.67613519068975E+00   0.00000000000000E+00   0.00000000000000E+00   0.00000000000000E+00   0.51708489892222E-02
 -.25559055752916E+00   -.13115705537596E+01   -.41402762433284E+00   -.46465626407634E+01   0.00000000000000E+00   0.00000000000000E+00
 -.18007910435651E+01   -.29725201412995E+00   0.00000000000000E+00   -.16933349777743E+01   -.25890722173573E+00   0.00000000000000E+00   0.00000000000000E+00   0.00000000000000E+00   -.33135863157565E-02
 -.79506549123190E+00   -.11903226451539E+01   0.60646468206094E-01   0.15167219096389E+01   0.00000000000000E+00   0.00000000000000E+00
 -.31153839839459E+00   0.47419564057158E+00   0.00000000000000E+00   -.28466007166861E+00   0.45562561562695E+00   0.00000000000000E+00   0.00000000000000E+00   0.00000000000000E+00   -.11259849028207E-04
 0.22811613487638E+01   -.16611646454255E+02   -.95785084297857E-02   0.25990703125486E+00   0.00000000000000E+00   0.00000000000000E+00
 -.12647802078235E+01   0.16270885135463E+00   0.00000000000000E+00   -.11469115693536E+01   0.12344689116622E+00   0.00000000000000E+00   0.00000000000000E+00   0.00000000000000E+00   0.12901044034573E-02
 -.16132771531208E+01   0.56752498284370E+01   0.16781369953047E+00   -.54008051099862E+00   0.00000000000000E+00   0.00000000000000E+00
 -.52034823642518E-01   0.49263253251574E+00   0.00000000000000E+00   -.56171650996501E-01   0.45717950853509E+00   0.00000000000000E+00   0.00000000000000E+00   0.00000000000000E+00   0.10526992944833E-02
 0.36016749423384E+01   -.76405920300845E+01   0.13919243669527E+00   -.37618553746204E+00   0.00000000000000E+00   0.00000000000000E+00
 -.55352324215374E+00   -.24587119213980E+00   0.00000000000000E+00   -.50348972097781E+00   -.18707027493574E+00   0.00000000000000E+00   0.00000000000000E+00   0.00000000000000E+00   -.83222263242574E-03
 0.27416987452863E+01   0.57438405123868E+00   0.84597488337105E-01   -.18936363242351E+01   0.00000000000000E+00   0.00000000000000E+00
 -.87117252462916E-01   -.14922234933623E+00   0.00000000000000E+00   -.83817265005240E-01   -.12186729682505E+00   0.00000000000000E+00   0.00000000000000E+00   0.00000000000000E+00   -.24978652558459E-02
 0.12972174821266E+01   -.76527816910618E+00   -.20789530142693E+00   0.86695039586984E+01   0.00000000000000E+00   0.00000000000000E+00
# Electronic transition moments of , IRREP a"  electric dipole (length) / electric dipole (velocity) / magnetic dipole
 0.00000000000000E+00   0.00000000000000E+00   0.57636239956225E+00   0.00000000000000E+00   0.00000000000000E+00   0.35218653012378E+00   -.24044364522734E-02   -.80378610157288E-03   0.00000000000000E+00
 0.00000000000000E+00   0.00000000000000E+00   0.00000000000000E+00   0.00000000000000E+00   0.32859621795839E+00   -.15662870421238E+01
 0.00000000000000E+00   0.00000000000000E+00   0.59712578568637E-01   0.00000000000000E+00   0.00000000000000E+00   0.37976369941469E-01   -.18674017108396E-02   0.25964154504325E-02   0.00000000000000E+00
 0.00000000000000E+00   0.00000000000000E+00   0.00000000000000E+00   0.00000000000000E+00   -.89075717879621E+00   -.72090201165557E+00
 0.00000000000000E+00   0.00000000000000E+00   0.15872067854569E+00   0.00000000000000E+00   0.00000000000000E+00   0.11289694944017E+00   0.13132429158109E-03   -.25054790566048E-02   0.00000000000000E+00
 0.00000000000000E+00   0.00000000000000E+00   0.00000000000000E+00   0.00000000000000E+00   0.78886692195673E+00   -.20946854049612E+00
 0.00000000000000E+00   0.00000000000000E+00   0.30033757527467E+00   0.00000000000000E+00   0.00000000000000E+00   0.23205210548608E+00   -.12420646747623E-02   -.97275175571059E-03   0.00000000000000E+00
 0.00000000000000E+00   0.00000000000000E+00   0.00000000000000E+00   0.00000000000000E+00   0.38755771582261E+00   -.81525039195600E+00
 0.00000000000000E+00   0.00000000000000E+00   0.30749054122371E+00   0.00000000000000E+00   0.00000000000000E+00   0.22407161225866E+00   -.32076789842951E-02   0.88919369577061E-04   0.00000000000000E+00
 0.00000000000000E+00   0.00000000000000E+00   0.00000000000000E+00   0.00000000000000E+00   0.12533451148239E+00   -.16303968594158E+01
 0.00000000000000E+00   0.00000000000000E+00   -.20497737335576E+00   0.00000000000000E+00   0.00000000000000E+00   -.15179033038514E+00   -.73979646081127E-03   0.18623515959772E-02   0.00000000000000E+00
 0.00000000000000E+00   0.00000000000000E+00   0.00000000000000E+00   0.00000000000000E+00   -.54083135392257E+00   -.17712070209297E+00
 0.00000000000000E+00   0.00000000000000E+00   -.31598900876052E-01   0.00000000000000E+00   0.00000000000000E+00   -.22547268835918E-01   0.95335976142146E-03   -.25344242329595E-02   0.00000000000000E+00
 0.00000000000000E+00   0.00000000000000E+00   0.00000000000000E+00   0.00000000000000E+00   0.76293772385459E+00   0.11925866292442E+00
 0.00000000000000E+00   0.00000000000000E+00   -.45871313571314E-01   0.00000000000000E+00   0.00000000000000E+00   -.43910924834033E-01   0.26089505005175E-03   -.13049570742699E-02   0.00000000000000E+00
 0.00000000000000E+00   0.00000000000000E+00   0.00000000000000E+00   0.00000000000000E+00   0.18302347162518E+00   0.31460382772620E+00
 0.00000000000000E+00   0.00000000000000E+00   0.22212117704183E-01   0.00000000000000E+00   0.00000000000000E+00   0.29394558193104E-01   0.31652743994595E-03   -.17384871117326E-03   0.00000000000000E+00
 0.00000000000000E+00   0.00000000000000E+00   0.00000000000000E+00   0.00000000000000E+00   -.20844904793322E+00   0.22289793006365E+00
 0.00000000000000E+00   0.00000000000000E+00   -.67650758780186E-01   0.00000000000000E+00   0.00000000000000E+00   -.53445734651611E-01   0.49575696903252E-03   -.13748482455527E-02   0.00000000000000E+00
 0.00000000000000E+00   0.00000000000000E+00   0.00000000000000E+00   0.00000000000000E+00   0.36241030063108E+00   0.28710708330823E-01
