$coord  natoms=    10
    1.17436584492250      0.00000000000000     -2.91783954581535      c
   -1.17436584492250      0.00000000000000     -2.91783954581535      c
   -2.75209597388351      0.00000000000000     -0.84138301765554      c
   -1.32564421588073      0.00000000000000      1.40629602406660      c
    1.32564421588073      0.00000000000000      1.40629602406660      c
    2.75209597388351      0.00000000000000     -0.84138301765554      c
   -4.79588039906344      0.00000000000000     -0.84670344468868      h
   -2.31805928963788      0.00000000000000      3.19962998409297      h
    2.31805928963788      0.00000000000000      3.19962998409297      h
    4.79588039906344      0.00000000000000     -0.84670344468868      h
$redundant
     number_of_atoms            10
     degrees_of_freedom          9
     internal_coordinates        9
     frozen_coordinates          0
# definitions of redundant internals
   1 k  1.0000000000000 stre    1    2           val=   2.34873
   2 k  1.0000000000000 stre    2    3           val=   2.60785
   3 k  1.0000000000000 stre    3    4           val=   2.66211
   4 k  1.0000000000000 stre    4    5           val=   2.65129
   5 k  1.0000000000000 stre    3    7           val=   2.04379
   6 k  1.0000000000000 stre    4    8           val=   2.04962
   7 k -0.7071067811865 bend    2    7    3      val=  -2.26468
        0.7071067811865 bend    4    7    3
   8 k -0.7071067811865 bend    5    8    4      val=  -0.16004
        0.7071067811865 bend    3    8    4
   9 k -0.5000000000000 bend    1    3    2      val=   3.61080
       -0.5000000000000 bend    2    4    3
        1.0000000000000 bend    3    5    4
       -0.5000000000000 bend    4    6    5
       -0.5000000000000 bend    5    1    6
        1.0000000000000 bend    6    2    1
         9 non zero eigenvalues  of BmBt
           1           4.149700693    1    0
         1
           2           3.416328565    2    0
         2
           3           2.951768082    3    0
         3
           4           2.090352674    4    0
         4
           5           1.790704591    5    0
         5
           6           0.554916147    6    0
         6
           7           0.384234496    7    0
         7
           8           0.305006474    8    0
         8
           9           0.260439899    9    0
         9
$user-defined bonds
$end
