# Excitation spectrum ; written at 2024-02-12 11:01:40
#     Exc.     energy (Eh)   energy (eV)   energy (cm-1)   energy (nm)     Osc.(vel)      Osc.(len) 
       1 a1       0.172673       4.69868       37897.404       263.870     0.73260217     0.57071786
       2 a1       0.208977       5.68654       45865.051       218.031     0.39961871     0.32465995
       3 a1       0.271971       7.40072       59690.804       167.530     0.71672233     0.57916238
       4 a1       0.282091       7.67609       61911.814       161.520     0.00214031     0.00119326
       5 a1       0.298121       8.11227       65429.899       152.835     0.13458975     0.11599341
       6 a1       0.340083       9.25414       74639.696       133.977     0.00035335     0.00105732
       7 a1       0.342684       9.32490       75210.429       132.960     0.06042964     0.04088926
       8 a1       0.373828      10.17237       82045.671       121.883     0.09722984     0.09388387
       9 a1       0.374493      10.19047       82191.714       121.667     0.00073350     0.00065534
      10 a1       0.397053      10.80436       87143.032       114.754     0.56968383     0.47775524
       1 a2       0.123378       3.35727       27078.236       369.300     0.00000000     0.00000000
       2 a2       0.208391       5.67062       45736.627       218.643     0.00000000     0.00000000
       3 a2       0.257065       6.99511       56419.342       177.244     0.00000000     0.00000000
       4 a2       0.293532       7.98742       64422.870       155.224     0.00000000     0.00000000
       5 a2       0.308269       8.38843       67657.221       147.804     0.00000000     0.00000000
       6 a2       0.324917       8.84145       71311.070       140.231     0.00000000     0.00000000
       7 a2       0.328066       8.92712       72002.098       138.885     0.00000000     0.00000000
       8 a2       0.337495       9.18372       74071.688       135.004     0.00000000     0.00000000
       9 a2       0.352268       9.58570       77313.850       129.343     0.00000000     0.00000000
      10 a2       0.358598       9.75794       78703.107       127.060     0.00000000     0.00000000
       1 b1       0.077104       2.09810       16922.329       590.935     0.71794232     0.21054322
       2 b1       0.150771       4.10269       33090.457       302.202     0.40680981     0.29512105
       3 b1       0.191279       5.20496       41980.816       238.204     0.97425729     0.77868337
       4 b1       0.262041       7.13049       57511.261       173.879     0.04086057     0.02520484
       5 b1       0.307896       8.37827       67575.325       147.983     0.01301107     0.00633801
       6 b1       0.321335       8.74397       70524.839       141.794     0.25329318     0.20776259
       7 b1       0.322497       8.77558       70779.835       141.283     0.09477424     0.08435582
       8 b1       0.358071       9.74361       78587.493       127.247     0.00107583     0.00008835
       9 b1       0.377395      10.26944       82828.580       120.731     0.01085278     0.00651874
      10 b1       0.387895      10.55516       85133.145       117.463     0.00283514     0.00742772
       1 b2       0.137733       3.74791       30228.924       330.809     0.00424188     0.00273600
       2 b2       0.180050       4.89941       39516.404       253.059     0.01054874     0.00664083
       3 b2       0.291531       7.93296       63983.656       156.290     0.00000770     0.00009137
       4 b2       0.300529       8.17782       65958.571       151.610     0.00771196     0.00440155
       5 b2       0.317872       8.64975       69764.945       143.338     0.00391610     0.00599196
       6 b2       0.333777       9.08254       73255.586       136.508     0.00060121     0.00022020
       7 b2       0.339595       9.24084       74532.418       134.170     0.00592358     0.00665672
       8 b2       0.354007       9.63301       77695.456       128.708     0.00002256     0.00005170
       9 b2       0.365469       9.94493       80211.255       124.671     0.00535242     0.00406388
      10 b2       0.370084      10.07051       81224.154       123.116     0.02748631     0.02835398
