# Electronic transition moments of , IRREP a1  electric dipole (length) / electric dipole (velocity) / magnetic dipole
 0.00000000000000E+00   0.00000000000000E+00   -.25227090309336E+01   0.00000000000000E+00   0.00000000000000E+00   -.22266081560133E+01   0.00000000000000E+00   0.00000000000000E+00   0.00000000000000E+00
 0.57636498776403E+00   -.10177623191060E+00   0.26950348745179E+01   0.00000000000000E+00   0.00000000000000E+00   0.00000000000000E+00
 0.00000000000000E+00   0.00000000000000E+00   -.16936347676448E+01   0.00000000000000E+00   0.00000000000000E+00   -.15265506333934E+01   0.00000000000000E+00   0.00000000000000E+00   0.00000000000000E+00
 0.11448582927428E+01   -.46741978389695E-02   0.12801823368908E+01   0.00000000000000E+00   0.00000000000000E+00   0.00000000000000E+00
 0.00000000000000E+00   0.00000000000000E+00   -.19881976098630E+01   0.00000000000000E+00   0.00000000000000E+00   -.17872456541777E+01   0.00000000000000E+00   0.00000000000000E+00   0.00000000000000E+00
 -.21585594736817E+01   0.13798668392938E+00   0.38851270418231E+01   0.00000000000000E+00   0.00000000000000E+00   0.00000000000000E+00
 0.00000000000000E+00   0.00000000000000E+00   0.10668144298826E+00   0.00000000000000E+00   0.00000000000000E+00   0.79655956345872E-01   0.00000000000000E+00   0.00000000000000E+00   0.00000000000000E+00
 -.53333816221385E+01   -.97241003826172E-01   0.40066056842512E+01   0.00000000000000E+00   0.00000000000000E+00   0.00000000000000E+00
 0.00000000000000E+00   0.00000000000000E+00   0.82291628296374E+00   0.00000000000000E+00   0.00000000000000E+00   0.76395244402883E+00   0.00000000000000E+00   0.00000000000000E+00   0.00000000000000E+00
 0.48398655508622E+01   0.38924721986569E-01   -.24275362730868E+01   0.00000000000000E+00   0.00000000000000E+00   0.00000000000000E+00
 0.00000000000000E+00   0.00000000000000E+00   -.39478244626281E-01   0.00000000000000E+00   0.00000000000000E+00   -.68289950248447E-01   0.00000000000000E+00   0.00000000000000E+00   0.00000000000000E+00
 0.17743102440873E+01   -.31684617903311E+00   -.34396949300928E+01   0.00000000000000E+00   0.00000000000000E+00   0.00000000000000E+00
 0.00000000000000E+00   0.00000000000000E+00   -.51430858884030E+00   0.00000000000000E+00   0.00000000000000E+00   -.42306136424696E+00   0.00000000000000E+00   0.00000000000000E+00   0.00000000000000E+00
 0.23649536634570E+01   -.11986690658354E+00   -.27393888442799E+00   0.00000000000000E+00   0.00000000000000E+00   0.00000000000000E+00
 0.00000000000000E+00   0.00000000000000E+00   0.62461115194301E+00   0.00000000000000E+00   0.00000000000000E+00   0.61376971212767E+00   0.00000000000000E+00   0.00000000000000E+00   0.00000000000000E+00
 -.28722084851134E+01   -.11424134914188E+01   -.35781827340767E+01   0.00000000000000E+00   0.00000000000000E+00   0.00000000000000E+00
 0.00000000000000E+00   0.00000000000000E+00   -.54202990133159E-01   0.00000000000000E+00   0.00000000000000E+00   -.51233937884618E-01   0.00000000000000E+00   0.00000000000000E+00   0.00000000000000E+00
 -.33745823761392E+01   -.42568180947943E+00   0.99474354326685E+00   0.00000000000000E+00   0.00000000000000E+00   0.00000000000000E+00
 0.00000000000000E+00   0.00000000000000E+00   -.14670280187683E+01   0.00000000000000E+00   0.00000000000000E+00   -.13434582995519E+01   0.00000000000000E+00   0.00000000000000E+00   0.00000000000000E+00
 0.19991678392575E+01   -.24718208530097E+00   -.44794430650813E+01   0.00000000000000E+00   0.00000000000000E+00   0.00000000000000E+00
# Electronic transition moments of , IRREP a2  electric dipole (length) / electric dipole (velocity) / magnetic dipole
 0.00000000000000E+00   0.00000000000000E+00   0.00000000000000E+00   0.00000000000000E+00   0.00000000000000E+00   0.00000000000000E+00   0.00000000000000E+00   0.00000000000000E+00   0.57926025220984E-03
 0.00000000000000E+00   0.00000000000000E+00   0.00000000000000E+00   -.80537982227955E+00   0.00000000000000E+00   0.00000000000000E+00
 0.00000000000000E+00   0.00000000000000E+00   0.00000000000000E+00   0.00000000000000E+00   0.00000000000000E+00   0.00000000000000E+00   0.00000000000000E+00   0.00000000000000E+00   -.15179371974544E-02
 0.00000000000000E+00   0.00000000000000E+00   0.00000000000000E+00   -.65784053798557E+00   0.00000000000000E+00   0.00000000000000E+00
 0.00000000000000E+00   0.00000000000000E+00   0.00000000000000E+00   0.00000000000000E+00   0.00000000000000E+00   0.00000000000000E+00   0.00000000000000E+00   0.00000000000000E+00   -.55187058110088E-03
 0.00000000000000E+00   0.00000000000000E+00   0.00000000000000E+00   0.39830206475986E+00   0.00000000000000E+00   0.00000000000000E+00
 0.00000000000000E+00   0.00000000000000E+00   0.00000000000000E+00   0.00000000000000E+00   0.00000000000000E+00   0.00000000000000E+00   0.00000000000000E+00   0.00000000000000E+00   -.11175643695335E-04
 0.00000000000000E+00   0.00000000000000E+00   0.00000000000000E+00   -.44460634695771E+00   0.00000000000000E+00   0.00000000000000E+00
 0.00000000000000E+00   0.00000000000000E+00   0.00000000000000E+00   0.00000000000000E+00   0.00000000000000E+00   0.00000000000000E+00   0.00000000000000E+00   0.00000000000000E+00   0.10011168585814E-02
 0.00000000000000E+00   0.00000000000000E+00   0.00000000000000E+00   0.57780462490475E+00   0.00000000000000E+00   0.00000000000000E+00
 0.00000000000000E+00   0.00000000000000E+00   0.00000000000000E+00   0.00000000000000E+00   0.00000000000000E+00   0.00000000000000E+00   0.00000000000000E+00   0.00000000000000E+00   0.46667322105450E-03
 0.00000000000000E+00   0.00000000000000E+00   0.00000000000000E+00   -.24039503415314E-01   0.00000000000000E+00   0.00000000000000E+00
 0.00000000000000E+00   0.00000000000000E+00   0.00000000000000E+00   0.00000000000000E+00   0.00000000000000E+00   0.00000000000000E+00   0.00000000000000E+00   0.00000000000000E+00   -.52513173443138E-02
 0.00000000000000E+00   0.00000000000000E+00   0.00000000000000E+00   -.12491754106015E+01   0.00000000000000E+00   0.00000000000000E+00
 0.00000000000000E+00   0.00000000000000E+00   0.00000000000000E+00   0.00000000000000E+00   0.00000000000000E+00   0.00000000000000E+00   0.00000000000000E+00   0.00000000000000E+00   0.35785340971434E-03
 0.00000000000000E+00   0.00000000000000E+00   0.00000000000000E+00   -.34571341532254E+00   0.00000000000000E+00   0.00000000000000E+00
 0.00000000000000E+00   0.00000000000000E+00   0.00000000000000E+00   0.00000000000000E+00   0.00000000000000E+00   0.00000000000000E+00   0.00000000000000E+00   0.00000000000000E+00   0.26001606845386E-02
 0.00000000000000E+00   0.00000000000000E+00   0.00000000000000E+00   0.34988385504038E+00   0.00000000000000E+00   0.00000000000000E+00
 0.00000000000000E+00   0.00000000000000E+00   0.00000000000000E+00   0.00000000000000E+00   0.00000000000000E+00   0.00000000000000E+00   0.00000000000000E+00   0.00000000000000E+00   0.79611937949108E-02
 0.00000000000000E+00   0.00000000000000E+00   0.00000000000000E+00   0.25908172146134E+01   0.00000000000000E+00   0.00000000000000E+00
# Electronic transition moments of , IRREP b1  electric dipole (length) / electric dipole (velocity) / magnetic dipole
 -.37372530077456E+01   0.00000000000000E+00   0.00000000000000E+00   -.20238501681677E+01   0.00000000000000E+00   0.00000000000000E+00   0.00000000000000E+00   0.10625916050612E-02   0.00000000000000E+00
 0.00000000000000E+00   0.00000000000000E+00   0.00000000000000E+00   0.00000000000000E+00   0.68257223298562E+01   0.00000000000000E+00
 -.20117875503530E+01   0.00000000000000E+00   0.00000000000000E+00   -.17135094386609E+01   0.00000000000000E+00   0.00000000000000E+00   0.00000000000000E+00   0.46415414856359E-03   0.00000000000000E+00
 0.00000000000000E+00   0.00000000000000E+00   0.00000000000000E+00   0.00000000000000E+00   0.23714061216240E+01   0.00000000000000E+00
 0.27640709515957E+01   0.00000000000000E+00   0.00000000000000E+00   0.24711141471497E+01   0.00000000000000E+00   0.00000000000000E+00   0.00000000000000E+00   -.18632373381931E-02   0.00000000000000E+00
 0.00000000000000E+00   0.00000000000000E+00   0.00000000000000E+00   0.00000000000000E+00   -.74293481527969E+00   0.00000000000000E+00
 -.48363036360148E+00   0.00000000000000E+00   0.00000000000000E+00   -.37984233312460E+00   0.00000000000000E+00   0.00000000000000E+00   0.00000000000000E+00   0.66238454452563E-02   0.00000000000000E+00
 0.00000000000000E+00   0.00000000000000E+00   0.00000000000000E+00   0.00000000000000E+00   0.14872054560300E+00   0.00000000000000E+00
 0.25176780317642E+00   0.00000000000000E+00   0.00000000000000E+00   0.17571952769727E+00   0.00000000000000E+00   0.00000000000000E+00   0.00000000000000E+00   0.29804955670079E-03   0.00000000000000E+00
 0.00000000000000E+00   0.00000000000000E+00   0.00000000000000E+00   0.00000000000000E+00   -.51041771599581E+01   0.00000000000000E+00
 -.10873728549118E+01   0.00000000000000E+00   0.00000000000000E+00   -.98480538975265E+00   0.00000000000000E+00   0.00000000000000E+00   0.00000000000000E+00   0.17173912551746E-02   0.00000000000000E+00
 0.00000000000000E+00   0.00000000000000E+00   0.00000000000000E+00   0.00000000000000E+00   -.42878293413051E+00   0.00000000000000E+00
 0.66393899090621E+00   0.00000000000000E+00   0.00000000000000E+00   0.62638384296251E+00   0.00000000000000E+00   0.00000000000000E+00   0.00000000000000E+00   -.50362890126095E-02   0.00000000000000E+00
 0.00000000000000E+00   0.00000000000000E+00   0.00000000000000E+00   0.00000000000000E+00   0.42521490709650E+00   0.00000000000000E+00
 0.67132468303908E-01   0.00000000000000E+00   0.00000000000000E+00   0.19238230509722E-01   0.00000000000000E+00   0.00000000000000E+00   0.00000000000000E+00   0.38569322090858E-02   0.00000000000000E+00
 0.00000000000000E+00   0.00000000000000E+00   0.00000000000000E+00   0.00000000000000E+00   -.11670868066026E+01   0.00000000000000E+00
 -.20769125673325E+00   0.00000000000000E+00   0.00000000000000E+00   -.16096423799057E+00   0.00000000000000E+00   0.00000000000000E+00   0.00000000000000E+00   0.87643971205513E-03   0.00000000000000E+00
 0.00000000000000E+00   0.00000000000000E+00   0.00000000000000E+00   0.00000000000000E+00   0.11913543890471E+01   0.00000000000000E+00
 -.10470706509295E+00   0.00000000000000E+00   0.00000000000000E+00   -.16947914994308E+00   0.00000000000000E+00   0.00000000000000E+00   0.00000000000000E+00   -.76828785385486E-03   0.00000000000000E+00
 0.00000000000000E+00   0.00000000000000E+00   0.00000000000000E+00   0.00000000000000E+00   -.26820950193522E+01   0.00000000000000E+00
# Electronic transition moments of , IRREP b2  electric dipole (length) / electric dipole (velocity) / magnetic dipole
 0.00000000000000E+00   -.21493421787802E+00   0.00000000000000E+00   0.00000000000000E+00   -.17261752584023E+00   0.00000000000000E+00   0.42870762389230E-03   0.00000000000000E+00   0.00000000000000E+00
 0.00000000000000E+00   0.00000000000000E+00   0.00000000000000E+00   0.00000000000000E+00   0.00000000000000E+00   0.78504283043003E+00
 0.00000000000000E+00   0.29644864107654E+00   0.00000000000000E+00   0.00000000000000E+00   0.23521241935823E+00   0.00000000000000E+00   0.27501395534745E-02   0.00000000000000E+00   0.00000000000000E+00
 0.00000000000000E+00   0.00000000000000E+00   0.00000000000000E+00   0.00000000000000E+00   0.00000000000000E+00   -.10004158578959E+01
 0.00000000000000E+00   0.62947647709107E-02   0.00000000000000E+00   0.00000000000000E+00   -.21681815978513E-01   0.00000000000000E+00   -.56926097769476E-04   0.00000000000000E+00   0.00000000000000E+00
 0.00000000000000E+00   0.00000000000000E+00   0.00000000000000E+00   0.00000000000000E+00   0.00000000000000E+00   -.54719720883018E+00
 0.00000000000000E+00   -.19619347894331E+00   0.00000000000000E+00   0.00000000000000E+00   -.14821933577394E+00   0.00000000000000E+00   0.24531542749341E-02   0.00000000000000E+00   0.00000000000000E+00
 0.00000000000000E+00   0.00000000000000E+00   0.00000000000000E+00   0.00000000000000E+00   0.00000000000000E+00   -.52335780025422E+00
 0.00000000000000E+00   0.13593963332481E+00   0.00000000000000E+00   0.00000000000000E+00   0.16815257791432E+00   0.00000000000000E+00   0.77271553651004E-05   0.00000000000000E+00   0.00000000000000E+00
 0.00000000000000E+00   0.00000000000000E+00   0.00000000000000E+00   0.00000000000000E+00   0.00000000000000E+00   -.10904166659182E+00
 0.00000000000000E+00   -.51979361510101E-01   0.00000000000000E+00   0.00000000000000E+00   -.31457726527282E-01   0.00000000000000E+00   0.71133994070439E-02   0.00000000000000E+00   0.00000000000000E+00
 0.00000000000000E+00   0.00000000000000E+00   0.00000000000000E+00   0.00000000000000E+00   0.00000000000000E+00   -.20012620396377E+01
 0.00000000000000E+00   -.16175489901386E+00   0.00000000000000E+00   0.00000000000000E+00   -.17147282462853E+00   0.00000000000000E+00   0.58483212235260E-03   0.00000000000000E+00   0.00000000000000E+00
 0.00000000000000E+00   0.00000000000000E+00   0.00000000000000E+00   0.00000000000000E+00   0.00000000000000E+00   -.86255442829626E-01
 0.00000000000000E+00   -.97764988500483E-02   0.00000000000000E+00   0.00000000000000E+00   -.14800556223467E-01   0.00000000000000E+00   -.61248991850114E-03   0.00000000000000E+00   0.00000000000000E+00
 0.00000000000000E+00   0.00000000000000E+00   0.00000000000000E+00   0.00000000000000E+00   0.00000000000000E+00   0.54244820156623E+00
 0.00000000000000E+00   -.14821602943202E+00   0.00000000000000E+00   0.00000000000000E+00   -.12914887859872E+00   0.00000000000000E+00   0.51786443681601E-02   0.00000000000000E+00   0.00000000000000E+00
 0.00000000000000E+00   0.00000000000000E+00   0.00000000000000E+00   0.00000000000000E+00   0.00000000000000E+00   -.74151555746614E+00
 0.00000000000000E+00   0.33377470543084E+00   0.00000000000000E+00   0.00000000000000E+00   0.33900194732243E+00   0.00000000000000E+00   -.56271820144767E-02   0.00000000000000E+00   0.00000000000000E+00
 0.00000000000000E+00   0.00000000000000E+00   0.00000000000000E+00   0.00000000000000E+00   0.00000000000000E+00   0.29550722360391E+01
