$coord  natoms=    10
   -2.86580685267609      0.06685457436943     -0.58775952444535      c
   -1.74686624388615     -0.93439974932158     -3.58758083860889      s
    1.74686624388615      0.93439974932158     -3.58758083860889      s
    2.86580685267609     -0.06685457436943     -0.58775952444535      c
    1.34949385704478     -0.26465201261177      1.43310237063978      c
   -1.34949385704478      0.26465201261177      1.43310237063978      c
    4.88043544446223     -0.42046691141357     -0.47747096219750      h
    2.19170306091173     -0.81587367906011      3.21970895461194      h
   -2.19170306091173      0.81587367906011      3.21970895461194      h
   -4.88043544446223      0.42046691141357     -0.47747096219750      h
$redundant
     number_of_atoms            10
     degrees_of_freedom         13
     internal_coordinates       13
     frozen_coordinates          0
# definitions of redundant internals
   1 k -1.0000000000000 tors    6    5    4    3 val= -17.23295
        1.0000000000000 tors    5    4    3    2
       -1.0000000000000 tors    4    3    2    1
        1.0000000000000 tors    3    2    1    6
       -1.0000000000000 tors    2    1    6    5
        1.0000000000000 tors    1    6    5    4
   2 k  1.0000000000000 outp    8    6    4    5 val=  -1.37868
   3 k  1.0000000000000 stre    1    6           val=   2.53421
   4 k  1.0000000000000 stre    6    5           val=   2.75040
   5 k  1.0000000000000 stre    1   10           val=   2.04840
   6 k  1.0000000000000 stre    4    3           val=   3.35462
   7 k  1.0000000000000 stre    3    2           val=   3.96214
   8 k  1.0000000000000 stre    5    8           val=   2.05064
   9 k  1.0000000000000 outp   10    2    6    1 val=   2.59338
  10 k -0.5000000000000 tors    6    5    4    3 val=  28.90909
       -0.5000000000000 tors    5    4    3    2
        1.0000000000000 tors    4    3    2    1
       -0.5000000000000 tors    3    2    1    6
       -0.5000000000000 tors    2    1    6    5
        1.0000000000000 tors    1    6    5    4
  11 k  0.7073040925996 bend    6   10    1      val=   3.44405
       -0.7069094147003 bend    2   10    1
  12 k  0.7071214803306 bend    4    8    5      val=   0.49482
       -0.7070920817369 bend    6    8    5
  13 k -0.5000000000000 bend    1    5    6      val=   5.30353
       -0.5000000000000 bend    6    4    5
        1.0000000000000 bend    5    3    4
       -0.5000000000000 bend    4    2    3
       -0.5000000000000 bend    3    1    2
        1.0000000000000 bend    2    6    1
        13 non zero eigenvalues  of BmBt
           1           9.646192139    1    0
         1
           2           4.068751957    2    0
         2
           3           3.438461091    3    0
         3
           4           2.601773130    4    0
         4
           5           2.239688021    5    0
         5
           6           1.770326716    6    0
         6
           7           1.547378211    7    0
         7
           8           0.754253931    8    0
         8
           9           0.388723774    9    0
         9
          10           0.375996433   10    0
        10
          11           0.294073118   11    0
        11
          12           0.210753814   12    0
        12
          13           0.128401198   13    0
        13
$user-defined bonds
$end
