# Excitation spectrum ; written at 2023-10-16 14:27:50
#     Exc.     energy (Eh)   energy (eV)   energy (cm-1)   energy (nm)     Osc.(vel)      Osc.(len) 
       1 a        0.136936       3.72621       30053.882       332.736     0.46412560     0.30473062
       2 a        0.175208       4.76766       38453.763       260.053     0.18079803     0.12739781
       3 a        0.180694       4.91692       39657.662       252.158     0.60686904     0.37919692
       4 a        0.211366       5.75157       46389.525       215.566     0.02780570     0.02838378
       5 a        0.213508       5.80985       46859.595       213.403     0.00375980     0.00333961
       6 a        0.227175       6.18176       49859.227       200.565     0.00797514     0.00608644
       7 a        0.239217       6.50942       52502.002       190.469     0.02990873     0.03241929
       8 a        0.246013       6.69436       53993.687       185.207     0.00920455     0.00942949
       9 a        0.276215       7.51621       60622.284       164.956     0.02847030     0.01849008
      10 a        0.279207       7.59762       61278.934       163.188     0.00895975     0.00609920
       1 b        0.069028       1.87834       15149.860       660.072     0.05163741     0.02489040
       2 b        0.121881       3.31654       26749.733       373.836     0.27653518     0.15382044
       3 b        0.153685       4.18198       33729.957       296.472     0.13681051     0.08493986
       4 b        0.198933       5.41325       43660.775       229.039     1.54378472     1.01763283
       5 b        0.215033       5.85135       47194.284       211.890     0.03369708     0.02610188
       6 b        0.224438       6.10728       49258.514       203.011     0.09158215     0.06654050
       7 b        0.240715       6.55018       52830.763       189.284     0.02739067     0.01911368
       8 b        0.248433       6.76022       54524.814       183.403     0.28260013     0.23131039
       9 b        0.258122       7.02385       56651.176       176.519     0.04753999     0.04144395
      10 b        0.265787       7.23244       58333.555       171.428     0.09459911     0.10622295
