# Electronic transition moments of , IRREP a   electric dipole (length) / electric dipole (velocity) / magnetic dipole
 0.00000000000000E+00   0.00000000000000E+00   0.22547856901714E+01   0.00000000000000E+00   0.00000000000000E+00   0.18270294834268E+01   0.00000000000000E+00   0.00000000000000E+00   -.14919113479603E-02
 -.25574896849306E+01   -.15287833240180E+00   -.22885022169102E+01   -.15497739303962E+00   0.00000000000000E+00   0.00000000000000E+00
 0.00000000000000E+00   0.00000000000000E+00   0.12441284264475E+01   0.00000000000000E+00   0.00000000000000E+00   0.10443578983599E+01   0.00000000000000E+00   0.00000000000000E+00   0.75101372848367E-03
 -.21293915221591E+01   0.22729446605156E+00   -.16134492551708E+00   -.36689356206273E+00   0.00000000000000E+00   0.00000000000000E+00
 0.00000000000000E+00   0.00000000000000E+00   -.22445109570913E+01   0.00000000000000E+00   0.00000000000000E+00   -.17742166040011E+01   0.00000000000000E+00   0.00000000000000E+00   0.78030519826690E-03
 0.19780477551279E+01   0.67296927190304E+00   0.13806695537475E+01   -.55392316189719E-01   0.00000000000000E+00   0.00000000000000E+00
 0.00000000000000E+00   0.00000000000000E+00   -.44421658144623E+00   0.00000000000000E+00   0.00000000000000E+00   -.44881040384223E+00   0.00000000000000E+00   0.00000000000000E+00   -.96193671937075E-03
 0.74235550882258E-01   0.48103032279780E-01   0.19828149736898E+01   0.52088092034251E+00   0.00000000000000E+00   0.00000000000000E+00
 0.00000000000000E+00   0.00000000000000E+00   0.16252518556708E+00   0.00000000000000E+00   0.00000000000000E+00   0.15317456022855E+00   0.00000000000000E+00   0.00000000000000E+00   0.21696680970324E-02
 -.42407607622159E+00   0.76161176422768E+00   -.88566214213143E+00   0.81618790541027E+00   0.00000000000000E+00   0.00000000000000E+00
 0.00000000000000E+00   0.00000000000000E+00   0.22947440870261E+00   0.00000000000000E+00   0.00000000000000E+00   0.20046868854305E+00   0.00000000000000E+00   0.00000000000000E+00   -.17767209306230E-03
 0.25984389494509E+01   0.18167673839700E+00   -.22157739524745E+01   -.38783995528187E+00   0.00000000000000E+00   0.00000000000000E+00
 0.00000000000000E+00   0.00000000000000E+00   -.43306076648133E+00   0.00000000000000E+00   0.00000000000000E+00   -.45087025622972E+00   0.00000000000000E+00   0.00000000000000E+00   0.37447083004028E-03
 -.47150839383070E+01   0.50584265080240E+00   0.56802301983647E+01   -.80875850048884E+00   0.00000000000000E+00   0.00000000000000E+00
 0.00000000000000E+00   0.00000000000000E+00   0.23690134785452E+00   0.00000000000000E+00   0.00000000000000E+00   0.23977853662439E+00   0.00000000000000E+00   0.00000000000000E+00   -.33926717979633E-04
 -.18489290629103E+01   0.14730611555429E+00   0.21252881588897E+00   -.62811097948424E+00   0.00000000000000E+00   0.00000000000000E+00
 0.00000000000000E+00   0.00000000000000E+00   0.39320377419843E+00   0.00000000000000E+00   0.00000000000000E+00   0.31687722464702E+00   0.00000000000000E+00   0.00000000000000E+00   -.21307357429546E-03
 -.16372346022869E+01   0.64341698555565E+00   0.46617444012757E+00   0.66394868900187E+00   0.00000000000000E+00   0.00000000000000E+00
 0.00000000000000E+00   0.00000000000000E+00   0.21939671771315E+00   0.00000000000000E+00   0.00000000000000E+00   0.18101664199077E+00   0.00000000000000E+00   0.00000000000000E+00   -.25422640336266E-02
 0.75796905214346E+00   0.98991918132022E+00   -.17426214071484E+01   0.22049778058860E+00   0.00000000000000E+00   0.00000000000000E+00
# Electronic transition moments of , IRREP b   electric dipole (length) / electric dipole (velocity) / magnetic dipole
 -.10253033857919E+01   -.26618167226939E+00   0.00000000000000E+00   -.71004087428214E+00   -.19162300002557E+00   0.00000000000000E+00   0.35001979228554E-03   -.43297137001848E-02   0.00000000000000E+00
 0.00000000000000E+00   0.00000000000000E+00   0.00000000000000E+00   0.00000000000000E+00   0.97326868010061E+00   0.31582127493777E+00
 -.18435358187094E+01   -.68738206523044E-01   0.00000000000000E+00   -.13755509542285E+01   -.30739060713905E-01   0.00000000000000E+00   0.21631883436760E-03   -.34499870782902E-02   0.00000000000000E+00
 0.00000000000000E+00   0.00000000000000E+00   0.00000000000000E+00   0.00000000000000E+00   0.23020148800684E+01   -.38278422073579E+00
 -.91078658356611E+00   -.71117444785726E+00   0.00000000000000E+00   -.71923658919013E+00   -.55832862275785E+00   0.00000000000000E+00   -.20622372002092E-02   0.11984081627616E-02   0.00000000000000E+00
 0.00000000000000E+00   0.00000000000000E+00   0.00000000000000E+00   0.00000000000000E+00   0.42297934184228E+01   0.25293227440087E+01
 0.33129670359887E+01   0.81530934291469E+00   0.00000000000000E+00   0.26915122689761E+01   0.65493469716109E+00   0.00000000000000E+00   0.34789191529393E-02   -.95178203431088E-02   0.00000000000000E+00
 0.00000000000000E+00   0.00000000000000E+00   0.00000000000000E+00   0.00000000000000E+00   -.59325267477852E+01   -.19571746158610E+01
 0.35121965262830E-01   -.48355588196810E+00   0.00000000000000E+00   0.21399156051680E-01   -.42616932464287E+00   0.00000000000000E+00   -.34886628883239E-02   0.31133348785287E-03   0.00000000000000E+00
 0.00000000000000E+00   0.00000000000000E+00   0.00000000000000E+00   0.00000000000000E+00   -.12726860441879E+01   0.39940132498661E+00
 -.72522141245320E+00   -.29347845689843E+00   0.00000000000000E+00   -.61100730293858E+00   -.26717715270139E+00   0.00000000000000E+00   0.66958546648921E-03   0.23522325773060E-02   0.00000000000000E+00
 0.00000000000000E+00   0.00000000000000E+00   0.00000000000000E+00   0.00000000000000E+00   0.28136301583935E+01   0.75374270170551E+00
 0.37532331870517E+00   0.17267268056307E+00   0.00000000000000E+00   0.31732874031882E+00   0.13567712667049E+00   0.00000000000000E+00   0.22832856570911E-02   0.22922665358914E-03   0.00000000000000E+00
 0.00000000000000E+00   0.00000000000000E+00   0.00000000000000E+00   0.00000000000000E+00   -.10830385582261E+01   -.73820327524477E+00
 0.13058921073324E+01   0.30648769883809E-01   0.00000000000000E+00   0.11813157390601E+01   0.33280948986679E-01   0.00000000000000E+00   0.19045483112607E-02   -.80217723399040E-02   0.00000000000000E+00
 0.00000000000000E+00   0.00000000000000E+00   0.00000000000000E+00   0.00000000000000E+00   -.50428986806431E+00   -.27957593650001E+00
 0.48102957244179E+00   -.21183831953823E+00   0.00000000000000E+00   0.43870362203704E+00   -.21995155284537E+00   0.00000000000000E+00   0.11992305438338E-03   0.56525104545321E-03   0.00000000000000E+00
 0.00000000000000E+00   0.00000000000000E+00   0.00000000000000E+00   0.00000000000000E+00   0.55817294985618E+00   -.35671823613201E+00
 0.70660775540027E+00   -.18597358235936E+00   0.00000000000000E+00   0.74911820236029E+00   -.19571161466347E+00   0.00000000000000E+00   0.81488230719675E-03   -.22613980827285E-02   0.00000000000000E+00
 0.00000000000000E+00   0.00000000000000E+00   0.00000000000000E+00   0.00000000000000E+00   0.77380571521076E+00   0.79288140423908E-01
