# Excitation spectrum ; written at 2023-10-18 17:04:03
#     Exc.     energy (Eh)   energy (eV)   energy (cm-1)   energy (nm)     Osc.(vel)      Osc.(len) 
       1 a'       0.169589       4.61474       37220.382       268.670     0.02371677     0.05060326
       2 a'       0.178716       4.86311       39223.609       254.948     0.00689572     0.01185364
       3 a'       0.228264       6.21138       50098.165       199.608     0.00126581     0.00592218
       4 a'       0.235839       6.41752       51760.774       193.196     0.04699712     0.78612365
       5 a'       0.250591       6.81893       54998.367       181.824     0.00888866     0.36114677
       6 a'       0.256454       6.97847       56285.132       177.667     0.05394795     0.73373254
       7 a'       0.263831       7.17921       57904.257       172.699     0.00341465     0.03259542
       8 a'       0.273877       7.45257       60108.993       166.364     0.00079331     0.03322812
       9 a'       0.290294       7.89930       63712.159       156.956     0.00068040     0.00723257
      10 a'       0.295305       8.03565       64811.887       154.293     0.03460729     0.17234412
       1 a"       0.140944       3.83528       30933.582       323.273     0.00667987     0.00283884
       2 a"       0.175733       4.78194       38568.927       259.276     0.00056663     0.00031020
       3 a"       0.192825       5.24704       42320.243       236.294     0.00130228     0.00004250
       4 a"       0.219790       5.98079       48238.351       207.304     0.00009530     0.00229292
       5 a"       0.227361       6.18681       49899.971       200.401     0.00094689     0.00358997
       6 a"       0.259637       7.06507       56983.670       175.489     0.00066113     0.00243989
       7 a"       0.269461       7.33239       59139.749       169.091     0.00018853     0.00045092
       8 a"       0.276806       7.53227       60751.845       164.604     0.00042620     0.00025160
       9 a"       0.278425       7.57632       61107.140       163.647     0.00148090     0.00064344
      10 a"       0.286268       7.78975       62828.600       159.163     0.00040490     0.00036870
