# Electronic transition moments of , IRREP a'  electric dipole (length) / electric dipole (velocity) / magnetic dipole
 -.45732143228544E+00   0.25108149655907E-01   0.00000000000000E+00   0.63963121036334E+00   0.19609846915480E+00   0.00000000000000E+00   0.00000000000000E+00   0.00000000000000E+00   -.78375137983668E-03
 -.18973630869013E+00   -.37035986418952E+00   -.39566512981348E-01   -.34265374664011E+00   0.00000000000000E+00   0.00000000000000E+00
 -.23497793208136E+00   0.51600508476561E-01   0.00000000000000E+00   0.28189438748212E+00   -.14151208148922E+00   0.00000000000000E+00   0.00000000000000E+00   0.00000000000000E+00   0.91528005589766E-03
 0.34348199955991E+00   -.79890735888322E-01   -.36829633850789E-01   0.40917689431170E-01   0.00000000000000E+00   0.00000000000000E+00
 -.48584109714341E-01   -.77185963084868E-01   0.00000000000000E+00   0.92627049081633E-01   -.17417485199940E+00   0.00000000000000E+00   0.00000000000000E+00   0.00000000000000E+00   0.17717182932611E-02
 -.14298763088773E-01   -.25652366190528E+00   -.19621103668394E-01   -.68449598550180E+00   0.00000000000000E+00   0.00000000000000E+00
 -.21829440062637E-01   0.54629420753247E+00   0.00000000000000E+00   0.12753092293669E+00   0.22324171119069E+01   0.00000000000000E+00   0.00000000000000E+00   0.00000000000000E+00   -.11119106307354E-03
 -.65354202892259E-01   -.14790227522080E+01   0.60132039969974E-01   -.78833161864472E-01   0.00000000000000E+00   0.00000000000000E+00
 -.90052618051261E-01   -.21235983404776E+00   0.00000000000000E+00   0.12669016840685E+01   -.74614361950956E+00   0.00000000000000E+00   0.00000000000000E+00   0.00000000000000E+00   -.14954562133888E-02
 0.57095848996197E+00   0.11130854102714E+01   -.70373491856659E-01   0.31565867249572E+00   0.00000000000000E+00   0.00000000000000E+00
 -.30427606665804E-01   0.56090631911838E+00   0.00000000000000E+00   0.30655998309222E+00   0.20488107126559E+01   0.00000000000000E+00   0.00000000000000E+00   0.00000000000000E+00   0.55081047556724E-03
 -.17838108946606E+00   0.27098876273785E+00   0.25313883969118E+00   0.88878749565507E+00   0.00000000000000E+00   0.00000000000000E+00
 -.13292079475871E+00   -.41783870993054E-01   0.00000000000000E+00   -.28673718067421E+00   -.32109426109552E+00   0.00000000000000E+00   0.00000000000000E+00   0.00000000000000E+00   0.38771631483321E-02
 -.26432412103320E+00   0.46583931463242E+00   -.17468282200335E+00   -.33828308929970E+01   0.00000000000000E+00   0.00000000000000E+00
 0.32250395563098E-01   -.57487594873667E-01   0.00000000000000E+00   0.42182059563494E+00   -.63678907533717E-01   0.00000000000000E+00   0.00000000000000E+00   0.00000000000000E+00   -.98158587998431E-04
 -.84119451590014E+00   0.26636895550675E+00   -.42453681463685E-01   0.92744630146242E+00   0.00000000000000E+00   0.00000000000000E+00
 0.51075113958416E-01   0.30118160105449E-01   0.00000000000000E+00   0.70575536563110E-01   0.17997513985086E+00   0.00000000000000E+00   0.00000000000000E+00   0.00000000000000E+00   0.36694442241941E-03
 -.11049115338646E+01   -.15947237313734E+01   0.12560540111001E+00   -.32632756049924E+00   0.00000000000000E+00   0.00000000000000E+00
 -.17002625538872E+00   0.38324771097132E+00   0.00000000000000E+00   -.21982244374387E+00   0.90945036657245E+00   0.00000000000000E+00   0.00000000000000E+00   0.00000000000000E+00   -.12936208440550E-03
 0.24831002689239E+01   -.30392044736703E+01   0.89490939973513E-01   -.52236305366996E+00   0.00000000000000E+00   0.00000000000000E+00
# Electronic transition moments of , IRREP a"  electric dipole (length) / electric dipole (velocity) / magnetic dipole
 0.00000000000000E+00   0.00000000000000E+00   0.26662854207438E+00   0.00000000000000E+00   0.00000000000000E+00   -.17381721163449E+00   0.80995949962493E-03   0.30040317320054E-03   0.00000000000000E+00
 0.00000000000000E+00   0.00000000000000E+00   0.00000000000000E+00   0.00000000000000E+00   -.14983257512481E+00   0.91329833625752E+00
 0.00000000000000E+00   0.00000000000000E+00   -.69545525083670E-01   0.00000000000000E+00   0.00000000000000E+00   0.51456156746204E-01   -.73007994335949E-03   0.47935694955673E-03   0.00000000000000E+00
 0.00000000000000E+00   0.00000000000000E+00   0.00000000000000E+00   0.00000000000000E+00   -.23575783398911E+00   -.47869728346877E+00
 0.00000000000000E+00   0.00000000000000E+00   -.10065039416222E+00   0.00000000000000E+00   0.00000000000000E+00   0.18183751301069E-01   0.51931340669908E-03   -.18627578463566E-02   0.00000000000000E+00
 0.00000000000000E+00   0.00000000000000E+00   0.00000000000000E+00   0.00000000000000E+00   0.62220911991013E+00   0.39565943801781E-01
 0.00000000000000E+00   0.00000000000000E+00   0.25502561439591E-01   0.00000000000000E+00   0.00000000000000E+00   0.12509391921522E+00   0.78966678367684E-04   -.84371384798697E-03   0.00000000000000E+00
 0.00000000000000E+00   0.00000000000000E+00   0.00000000000000E+00   0.00000000000000E+00   0.32316052451347E+00   -.22650345995079E+00
 0.00000000000000E+00   0.00000000000000E+00   -.79038223270694E-01   0.00000000000000E+00   0.00000000000000E+00   0.15389801400325E+00   -.13568490797663E-02   0.22133154390553E-03   0.00000000000000E+00
 0.00000000000000E+00   0.00000000000000E+00   0.00000000000000E+00   0.00000000000000E+00   0.81840694895337E-01   -.11204442913391E+01
 0.00000000000000E+00   0.00000000000000E+00   0.61802387433920E-01   0.00000000000000E+00   0.00000000000000E+00   0.11872649372349E+00   0.82251367837950E-03   -.11969702589333E-02   0.00000000000000E+00
 0.00000000000000E+00   0.00000000000000E+00   0.00000000000000E+00   0.00000000000000E+00   0.35066037318073E+00   0.20184967718723E+00
 0.00000000000000E+00   0.00000000000000E+00   0.32396180661253E-01   0.00000000000000E+00   0.00000000000000E+00   0.50101222239830E-01   0.96657944245172E-03   -.12911788936155E-02   0.00000000000000E+00
 0.00000000000000E+00   0.00000000000000E+00   0.00000000000000E+00   0.00000000000000E+00   0.41244126808139E+00   0.51264671283948E-01
 0.00000000000000E+00   0.00000000000000E+00   -.48057973078077E-01   0.00000000000000E+00   0.00000000000000E+00   -.36924664438653E-01   -.45269080963606E-03   -.91336563300849E-03   0.00000000000000E+00
 0.00000000000000E+00   0.00000000000000E+00   0.00000000000000E+00   0.00000000000000E+00   0.60331383213593E+00   -.32303006910452E+00
 0.00000000000000E+00   0.00000000000000E+00   0.89321160187835E-01   0.00000000000000E+00   0.00000000000000E+00   0.58876832031263E-01   -.20114681619914E-03   0.13072182447677E-02   0.00000000000000E+00
 0.00000000000000E+00   0.00000000000000E+00   0.00000000000000E+00   0.00000000000000E+00   -.25684460400412E+00   -.23316701341940E+00
 0.00000000000000E+00   0.00000000000000E+00   0.46060915653080E-01   0.00000000000000E+00   0.00000000000000E+00   0.43953868922763E-01   -.53584464790429E-03   0.13814437516338E-02   0.00000000000000E+00
 0.00000000000000E+00   0.00000000000000E+00   0.00000000000000E+00   0.00000000000000E+00   -.29128095686091E+00   -.77981191254057E-01
