# Excitation spectrum ; written at 2023-10-18 12:11:27
#     Exc.     energy (Eh)   energy (eV)   energy (cm-1)   energy (nm)     Osc.(vel)      Osc.(len) 
       1 a        0.142787       3.88544       31338.160       319.100     0.01026544     0.00647532
       2 a        0.153019       4.16386       33583.787       297.763     0.07727351     0.05556297
       3 a        0.187528       5.10290       41157.684       242.968     0.00000662     0.00007147
       4 a        0.190289       5.17802       41763.515       239.443     0.00210146     0.00162580
       5 a        0.210860       5.73779       46278.401       216.084     0.00522148     0.00429057
       6 a        0.218405       5.94310       47934.344       208.619     0.00390397     0.00256185
       7 a        0.219590       5.97536       48194.506       207.493     0.02209911     0.01493222
       8 a        0.240570       6.54625       52799.043       189.397     0.04520962     0.03191111
       9 a        0.241000       6.55793       52893.296       189.060     0.00201193     0.00081665
      10 a        0.244729       6.65942       53711.866       186.179     0.00007936     0.00005363
       1 b        0.102477       2.78854       22491.060       444.621     0.93833729     0.64808132
       2 b        0.155943       4.24342       34225.530       292.180     1.48754266     1.08337786
       3 b        0.186470       5.07411       40925.488       244.347     0.24768244     0.18305929
       4 b        0.201871       5.49320       44305.640       225.705     0.41162903     0.30433781
       5 b        0.210404       5.72539       46178.382       216.552     0.28826673     0.25215856
       6 b        0.217027       5.90559       47631.823       209.944     0.37973672     0.34958102
       7 b        0.234180       6.37236       51396.570       194.566     0.03735752     0.02824417
       8 b        0.244681       6.65810       53701.200       186.216     0.47579875     0.39303613
       9 b        0.248841       6.77131       54614.332       183.102     0.02884494     0.02222295
      10 b        0.251836       6.85281       55271.608       180.925     0.03833396     0.02711987
