# Electronic transition moments of , IRREP a   electric dipole (length) / electric dipole (velocity) / magnetic dipole
 0.00000000000000E+00   0.00000000000000E+00   -.32838999203601E+00   0.00000000000000E+00   0.00000000000000E+00   -.26081438850702E+00   0.00000000000000E+00   0.00000000000000E+00   -.51265775425353E-02
 -.11590449206299E+02   -.35626588291405E+01   -.37260780098562E+00   0.83890710593605E+01   0.00000000000000E+00   0.00000000000000E+00
 0.00000000000000E+00   0.00000000000000E+00   -.87033864727607E+00   0.00000000000000E+00   0.00000000000000E+00   -.73801587328617E+00   0.00000000000000E+00   0.00000000000000E+00   -.81295466785746E-02
 -.96801972485925E+01   0.11954947769693E+02   -.59702256160556E+00   0.60328991679412E+00   0.00000000000000E+00   0.00000000000000E+00
 0.00000000000000E+00   0.00000000000000E+00   -.72760777137020E-02   0.00000000000000E+00   0.00000000000000E+00   0.23910240268943E-01   0.00000000000000E+00   0.00000000000000E+00   0.27098281714454E-02
 0.21505546009846E+01   -.21104212984111E+01   -.72789270728383E-01   -.22401046600551E+01   0.00000000000000E+00   0.00000000000000E+00
 0.00000000000000E+00   0.00000000000000E+00   0.12870624403555E+00   0.00000000000000E+00   0.00000000000000E+00   0.11320682769991E+00   0.00000000000000E+00   0.00000000000000E+00   0.31697618828889E-02
 0.11608158899862E+01   -.59680810011094E+01   -.10190607613828E+00   0.99438160327445E+00   0.00000000000000E+00   0.00000000000000E+00
 0.00000000000000E+00   0.00000000000000E+00   -.19272831004224E+00   0.00000000000000E+00   0.00000000000000E+00   -.17470536000974E+00   0.00000000000000E+00   0.00000000000000E+00   -.39203177161385E-02
 -.91180142335589E+00   0.10021588409147E+02   -.22001770174583E+00   -.33389434097575E+01   0.00000000000000E+00   0.00000000000000E+00
 0.00000000000000E+00   0.00000000000000E+00   0.16374477451138E+00   0.00000000000000E+00   0.00000000000000E+00   0.13264518486389E+00   0.00000000000000E+00   0.00000000000000E+00   0.90520672938276E-03
 0.29970680594754E+01   0.62729783906206E+01   -.17968849326863E+00   -.76847603743641E+01   0.00000000000000E+00   0.00000000000000E+00
 0.00000000000000E+00   0.00000000000000E+00   -.38853163051192E+00   0.00000000000000E+00   0.00000000000000E+00   -.31937520644571E+00   0.00000000000000E+00   0.00000000000000E+00   -.40269425132267E-02
 -.21036311202575E+01   0.98758081326178E+01   0.19455498740377E+00   -.14457091048038E+00   0.00000000000000E+00   0.00000000000000E+00
 0.00000000000000E+00   0.00000000000000E+00   0.53093355085104E+00   0.00000000000000E+00   0.00000000000000E+00   0.44606250742821E+00   0.00000000000000E+00   0.00000000000000E+00   0.74511039254346E-03
 -.33062904386307E+01   -.11815594546179E+01   0.13035064612665E+01   0.88550273849251E+00   0.00000000000000E+00   0.00000000000000E+00
 0.00000000000000E+00   0.00000000000000E+00   -.11190361308012E+00   0.00000000000000E+00   0.00000000000000E+00   -.71294418341189E-01   0.00000000000000E+00   0.00000000000000E+00   0.22208654981737E-02
 0.38885206448707E+01   0.39382038541268E+00   -.64904497374170E+00   -.38930854297661E+01   0.00000000000000E+00   0.00000000000000E+00
 0.00000000000000E+00   0.00000000000000E+00   0.22054941397265E-01   0.00000000000000E+00   0.00000000000000E+00   0.18130143287391E-01   0.00000000000000E+00   0.00000000000000E+00   -.16395341531559E-03
 -.36004473165806E+01   -.47405942468093E+01   -.39153050557466E+00   0.24586493635151E+01   0.00000000000000E+00   0.00000000000000E+00
# Electronic transition moments of , IRREP b   electric dipole (length) / electric dipole (velocity) / magnetic dipole
 -.22986613090029E+01   0.29070653677065E+01   0.00000000000000E+00   -.18996017100192E+01   0.24244126133082E+01   0.00000000000000E+00   0.37965111191318E-03   0.49920792255492E-04   0.00000000000000E+00
 0.00000000000000E+00   0.00000000000000E+00   0.00000000000000E+00   0.00000000000000E+00   -.10846363842645E+01   0.69896052243659E+00
 -.27058131058549E+01   -.26433122237197E+01   0.00000000000000E+00   -.23260692771815E+01   -.22383710512027E+01   0.00000000000000E+00   0.19086430364664E-02   0.10911150775035E-02   0.00000000000000E+00
 0.00000000000000E+00   0.00000000000000E+00   0.00000000000000E+00   0.00000000000000E+00   -.22543401115456E+01   0.15949799804690E+01
 -.10313345486887E+01   -.96371723726842E+00   0.00000000000000E+00   -.83690858304738E+00   -.87871822220062E+00   0.00000000000000E+00   0.72925594697324E-03   0.39445065620088E-03   0.00000000000000E+00
 0.00000000000000E+00   0.00000000000000E+00   0.00000000000000E+00   0.00000000000000E+00   -.93437551160090E+00   0.16513777048020E+01
 -.98036612491057E+00   -.14482684480274E+01   0.00000000000000E+00   -.74743766698245E+00   -.13048798551462E+01   0.00000000000000E+00   0.14349295981448E-02   0.10228727523368E-02   0.00000000000000E+00
 0.00000000000000E+00   0.00000000000000E+00   0.00000000000000E+00   0.00000000000000E+00   -.59869865254133E+00   0.11610194026180E+01
 0.34003023339837E+00   -.13926492825699E+01   0.00000000000000E+00   0.35265666746725E+00   -.12935632394506E+01   0.00000000000000E+00   -.33354167925477E-03   -.11172604683272E-02   0.00000000000000E+00
 0.00000000000000E+00   0.00000000000000E+00   0.00000000000000E+00   0.00000000000000E+00   -.87739563189863E+00   0.22952408426039E+00
 -.89403742700506E+00   0.13510307497025E+01   0.00000000000000E+00   -.86682770967724E+00   0.12902607277827E+01   0.00000000000000E+00   -.12858961294780E-02   -.12872072942144E-02   0.00000000000000E+00
 0.00000000000000E+00   0.00000000000000E+00   0.00000000000000E+00   0.00000000000000E+00   -.23309528376289E+00   0.58828415423991E+00
 0.29201686961534E+00   0.39244533727514E+00   0.00000000000000E+00   0.35214794510466E+00   0.23854778072786E+00   0.00000000000000E+00   -.45781746958625E-03   0.12835269419611E-02   0.00000000000000E+00
 0.00000000000000E+00   0.00000000000000E+00   0.00000000000000E+00   0.00000000000000E+00   -.46951820544804E+00   0.28971101276062E+00
 -.15151195811544E+01   0.78820555870000E+00   0.00000000000000E+00   -.13722234853627E+01   0.72559414679668E+00   0.00000000000000E+00   -.63968100217830E-04   -.35032033917098E-03   0.00000000000000E+00
 0.00000000000000E+00   0.00000000000000E+00   0.00000000000000E+00   0.00000000000000E+00   -.22899489266584E+00   0.60419088319255E-01
 -.37213568361959E+00   0.18812400338214E+00   0.00000000000000E+00   -.33675017634413E+00   0.14338047968070E+00   0.00000000000000E+00   -.52941360923153E-03   0.15557827764977E-02   0.00000000000000E+00
 0.00000000000000E+00   0.00000000000000E+00   0.00000000000000E+00   0.00000000000000E+00   -.10721939063805E+01   0.24951659669893E+00
 -.45505308834068E+00   0.14578622790591E+00   0.00000000000000E+00   -.38502226801025E+00   0.11528581849033E+00   0.00000000000000E+00   0.36335904734392E-02   -.62112597595811E-02   0.00000000000000E+00
 0.00000000000000E+00   0.00000000000000E+00   0.00000000000000E+00   0.00000000000000E+00   0.26348729574853E+01   0.35385296609557E+00
