# Excitation spectrum ; written at 2023-10-25 16:24:23
#     Exc.     energy (Eh)   energy (eV)   energy (cm-1)   energy (nm)     Osc.(vel)      Osc.(len) 
       1 a1       0.247785       6.74258       54382.615       183.882     0.04241369     0.16036108
       2 a1       0.252598       6.87354       55438.829       180.379     0.00640152     0.12760224
       3 a1       0.327337       8.90729       71842.160       139.194     0.00094387     0.02943909
       4 a1       0.352072       9.58036       77270.814       129.415     0.00022952     0.00969015
       5 a1       0.371006      10.09559       81426.452       122.810     0.03498653     0.10201724
       6 a1       0.394956      10.74731       86682.918       115.363     0.12848345     0.32589825
       7 a1       0.410035      11.15762       89992.295       111.121     0.29347209     0.42100870
       8 a1       0.452776      12.32067       99372.873       100.631     0.00728735     0.00799652
       9 a1       0.456097      12.41102      100101.624        99.898     0.00019570     0.00033108
      10 a1       0.467365      12.71764      102574.685        97.490     0.03464782     0.03237709
       1 a2       0.082980       2.25801       18212.040       549.087     0.00000000     0.00000000
       2 a2       0.255256       6.94588       56022.318       178.500     0.00000000     0.00000000
       3 a2       0.309457       8.42075       67917.946       147.236     0.00000000     0.00000000
       4 a2       0.334988       9.11549       73521.417       136.015     0.00000000     0.00000000
       5 a2       0.376665      10.24959       82668.489       120.965     0.00000000     0.00000000
       6 a2       0.405056      11.02214       88899.554       112.487     0.00000000     0.00000000
       7 a2       0.406728      11.06763       89266.441       112.024     0.00000000     0.00000000
       8 a2       0.449392      12.22857       98630.100       101.389     0.00000000     0.00000000
       9 a2       0.489318      13.31502      107392.915        93.116     0.00000000     0.00000000
      10 a2       0.492434      13.39982      108076.824        92.527     0.00000000     0.00000000
       1 b1       0.217941       5.93047       47832.491       209.063     0.00013080     0.00385037
       2 b1       0.239132       6.50712       52483.446       190.536     0.07890396     0.05759016
       3 b1       0.287297       7.81775       63054.402       158.593     0.03543750     0.05872890
       4 b1       0.304274       8.27972       66780.420       149.744     0.01013740     0.01054552
       5 b1       0.321166       8.73938       70487.821       141.868     0.00015729     0.01435816
       6 b1       0.396701      10.79477       87065.698       114.856     0.04558751     0.08255629
       7 b1       0.406887      11.07197       89301.435       111.980     0.00567864     0.00415496
       8 b1       0.412218      11.21702       90471.331       110.532     0.00720904     0.00762822
       9 b1       0.429056      11.67521       94166.915       106.194     0.14914312     0.32539346
      10 b1       0.448182      12.19564       98364.482       101.663     0.20192791     0.29395466
       1 b2       0.251510       6.84394       55200.112       181.159     0.01018109     0.00334475
       2 b2       0.304870       8.29592       66911.145       149.452     0.04312091     0.05293055
       3 b2       0.330159       8.98409       72461.571       138.004     0.06561512     0.11879932
       4 b2       0.334757       9.10920       73470.620       136.109     0.00545406     0.00004253
       5 b2       0.376663      10.24953       82668.020       120.966     0.02672978     0.04710252
       6 b2       0.395835      10.77121       86875.659       115.107     0.06948387     0.12833677
       7 b2       0.404622      11.01033       88804.273       112.607     0.00096788     0.00084057
       8 b2       0.422267      11.49048       92676.965       107.902     0.03020798     0.03477437
       9 b2       0.435483      11.85009       95577.384       104.627     0.07507150     0.10087949
      10 b2       0.479184      13.03926      105168.696        95.085     0.00070560     0.02542971
