# Electronic transition moments of , IRREP a1  electric dipole (length) / electric dipole (velocity) / magnetic dipole
 0.00000000000000E+00   0.00000000000000E+00   0.50671153363764E+00   0.00000000000000E+00   0.00000000000000E+00   0.98527447056943E+00   0.00000000000000E+00   0.00000000000000E+00   0.00000000000000E+00
 0.18310716712063E+01   0.77051185530522E+00   0.23372267317497E+01   0.00000000000000E+00   0.00000000000000E+00   0.00000000000000E+00
 0.00000000000000E+00   0.00000000000000E+00   -.19497195833496E+00   0.00000000000000E+00   0.00000000000000E+00   0.87048224545564E+00   0.00000000000000E+00   0.00000000000000E+00   0.00000000000000E+00
 -.26075441173273E+00   0.33961412302491E+00   0.20703524067789E+01   0.00000000000000E+00   0.00000000000000E+00   0.00000000000000E+00
 0.00000000000000E+00   0.00000000000000E+00   -.65766532828114E-01   0.00000000000000E+00   0.00000000000000E+00   -.36729099633315E+00   0.00000000000000E+00   0.00000000000000E+00   0.00000000000000E+00
 0.22177812293309E+01   -.38279623514382E+00   0.10812808986861E+01   0.00000000000000E+00   0.00000000000000E+00   0.00000000000000E+00
 0.00000000000000E+00   0.00000000000000E+00   -.31271071974986E-01   0.00000000000000E+00   0.00000000000000E+00   -.20318674126633E+00   0.00000000000000E+00   0.00000000000000E+00   0.00000000000000E+00
 0.11795291701278E+01   0.27866029472072E+01   0.13467418042501E+00   0.00000000000000E+00   0.00000000000000E+00   0.00000000000000E+00
 0.00000000000000E+00   0.00000000000000E+00   -.37610187033755E+00   0.00000000000000E+00   0.00000000000000E+00   -.64223181674931E+00   0.00000000000000E+00   0.00000000000000E+00   0.00000000000000E+00
 -.61560682331999E+00   -.51203347272822E+00   -.30945519945856E+01   0.00000000000000E+00   0.00000000000000E+00   0.00000000000000E+00
 0.00000000000000E+00   0.00000000000000E+00   -.69854539502436E+00   0.00000000000000E+00   0.00000000000000E+00   -.11125308048787E+01   0.00000000000000E+00   0.00000000000000E+00   0.00000000000000E+00
 0.10876073078619E+01   0.55297094533581E+00   -.24663308897378E+01   0.00000000000000E+00   0.00000000000000E+00   0.00000000000000E+00
 0.00000000000000E+00   0.00000000000000E+00   -.10361402202105E+01   0.00000000000000E+00   0.00000000000000E+00   -.12410253858454E+01   0.00000000000000E+00   0.00000000000000E+00   0.00000000000000E+00
 -.28898114576314E+00   -.75161842440580E+00   -.53256575703932E+01   0.00000000000000E+00   0.00000000000000E+00   0.00000000000000E+00
 0.00000000000000E+00   0.00000000000000E+00   -.15537773970537E+00   0.00000000000000E+00   0.00000000000000E+00   -.16276255215578E+00   0.00000000000000E+00   0.00000000000000E+00   0.00000000000000E+00
 -.10296721110020E+01   -.39465934851368E+00   0.87317533596806E+00   0.00000000000000E+00   0.00000000000000E+00   0.00000000000000E+00
 0.00000000000000E+00   0.00000000000000E+00   -.25369557069642E-01   0.00000000000000E+00   0.00000000000000E+00   0.32997520321826E-01   0.00000000000000E+00   0.00000000000000E+00   0.00000000000000E+00
 0.26250866152156E+00   -.10168450128863E+00   0.21173715602868E+01   0.00000000000000E+00   0.00000000000000E+00   0.00000000000000E+00
 0.00000000000000E+00   0.00000000000000E+00   -.33346912061139E+00   0.00000000000000E+00   0.00000000000000E+00   -.32235661381227E+00   0.00000000000000E+00   0.00000000000000E+00   0.00000000000000E+00
 -.71421865166748E+00   0.30415673404598E+00   -.81322672762493E+00   0.00000000000000E+00   0.00000000000000E+00   0.00000000000000E+00
# Electronic transition moments of , IRREP a2  electric dipole (length) / electric dipole (velocity) / magnetic dipole
 0.00000000000000E+00   0.00000000000000E+00   0.00000000000000E+00   0.00000000000000E+00   0.00000000000000E+00   0.00000000000000E+00   0.00000000000000E+00   0.00000000000000E+00   0.40790908977397E-02
 0.00000000000000E+00   0.00000000000000E+00   0.00000000000000E+00   0.10453467063358E+01   0.00000000000000E+00   0.00000000000000E+00
 0.00000000000000E+00   0.00000000000000E+00   0.00000000000000E+00   0.00000000000000E+00   0.00000000000000E+00   0.00000000000000E+00   0.00000000000000E+00   0.00000000000000E+00   -.11918042591709E-03
 0.00000000000000E+00   0.00000000000000E+00   0.00000000000000E+00   0.95754232933489E+00   0.00000000000000E+00   0.00000000000000E+00
 0.00000000000000E+00   0.00000000000000E+00   0.00000000000000E+00   0.00000000000000E+00   0.00000000000000E+00   0.00000000000000E+00   0.00000000000000E+00   0.00000000000000E+00   0.27922891153039E-02
 0.00000000000000E+00   0.00000000000000E+00   0.00000000000000E+00   0.50904218422087E+00   0.00000000000000E+00   0.00000000000000E+00
 0.00000000000000E+00   0.00000000000000E+00   0.00000000000000E+00   0.00000000000000E+00   0.00000000000000E+00   0.00000000000000E+00   0.00000000000000E+00   0.00000000000000E+00   -.62437693956265E-04
 0.00000000000000E+00   0.00000000000000E+00   0.00000000000000E+00   0.99398357794843E+00   0.00000000000000E+00   0.00000000000000E+00
 0.00000000000000E+00   0.00000000000000E+00   0.00000000000000E+00   0.00000000000000E+00   0.00000000000000E+00   0.00000000000000E+00   0.00000000000000E+00   0.00000000000000E+00   0.23092879278696E-03
 0.00000000000000E+00   0.00000000000000E+00   0.00000000000000E+00   0.63240716783270E+00   0.00000000000000E+00   0.00000000000000E+00
 0.00000000000000E+00   0.00000000000000E+00   0.00000000000000E+00   0.00000000000000E+00   0.00000000000000E+00   0.00000000000000E+00   0.00000000000000E+00   0.00000000000000E+00   -.27545988177770E-03
 0.00000000000000E+00   0.00000000000000E+00   0.00000000000000E+00   0.14227662545869E+00   0.00000000000000E+00   0.00000000000000E+00
 0.00000000000000E+00   0.00000000000000E+00   0.00000000000000E+00   0.00000000000000E+00   0.00000000000000E+00   0.00000000000000E+00   0.00000000000000E+00   0.00000000000000E+00   0.52215573470932E-03
 0.00000000000000E+00   0.00000000000000E+00   0.00000000000000E+00   0.35808165890936E+00   0.00000000000000E+00   0.00000000000000E+00
 0.00000000000000E+00   0.00000000000000E+00   0.00000000000000E+00   0.00000000000000E+00   0.00000000000000E+00   0.00000000000000E+00   0.00000000000000E+00   0.00000000000000E+00   0.43274194130850E-03
 0.00000000000000E+00   0.00000000000000E+00   0.00000000000000E+00   -.39467631211572E+00   0.00000000000000E+00   0.00000000000000E+00
 0.00000000000000E+00   0.00000000000000E+00   0.00000000000000E+00   0.00000000000000E+00   0.00000000000000E+00   0.00000000000000E+00   0.00000000000000E+00   0.00000000000000E+00   -.45558302070438E-03
 0.00000000000000E+00   0.00000000000000E+00   0.00000000000000E+00   -.12177617051590E+01   0.00000000000000E+00   0.00000000000000E+00
 0.00000000000000E+00   0.00000000000000E+00   0.00000000000000E+00   0.00000000000000E+00   0.00000000000000E+00   0.00000000000000E+00   0.00000000000000E+00   0.00000000000000E+00   0.55131746669083E-04
 0.00000000000000E+00   0.00000000000000E+00   0.00000000000000E+00   0.31804994428763E+00   0.00000000000000E+00   0.00000000000000E+00
# Electronic transition moments of , IRREP b1  electric dipole (length) / electric dipole (velocity) / magnetic dipole
 0.30004128481653E-01   0.00000000000000E+00   0.00000000000000E+00   -.16278985689612E+00   0.00000000000000E+00   0.00000000000000E+00   0.00000000000000E+00   -.28974518509525E-02   0.00000000000000E+00
 0.00000000000000E+00   0.00000000000000E+00   0.00000000000000E+00   0.00000000000000E+00   -.16814229785761E+01   0.00000000000000E+00
 0.70351931847472E+00   0.00000000000000E+00   0.00000000000000E+00   0.60103636669652E+00   0.00000000000000E+00   0.00000000000000E+00   0.00000000000000E+00   0.18773650494381E-02   0.00000000000000E+00
 0.00000000000000E+00   0.00000000000000E+00   0.00000000000000E+00   0.00000000000000E+00   0.25536268866325E+01   0.00000000000000E+00
 -.43014180185704E+00   0.00000000000000E+00   0.00000000000000E+00   -.55374013757602E+00   0.00000000000000E+00   0.00000000000000E+00   0.00000000000000E+00   -.21879165050372E-02   0.00000000000000E+00
 0.00000000000000E+00   0.00000000000000E+00   0.00000000000000E+00   0.00000000000000E+00   -.89231831714753E-01   0.00000000000000E+00
 0.22355094525112E+00   0.00000000000000E+00   0.00000000000000E+00   0.22800654697048E+00   0.00000000000000E+00   0.00000000000000E+00   0.00000000000000E+00   0.33306743121707E-02   0.00000000000000E+00
 0.00000000000000E+00   0.00000000000000E+00   0.00000000000000E+00   0.00000000000000E+00   0.13435799105840E+01   0.00000000000000E+00
 0.27104180027955E-01   0.00000000000000E+00   0.00000000000000E+00   -.25895847746680E+00   0.00000000000000E+00   0.00000000000000E+00   0.00000000000000E+00   -.26174750790180E-02   0.00000000000000E+00
 0.00000000000000E+00   0.00000000000000E+00   0.00000000000000E+00   0.00000000000000E+00   -.14872531618045E+01   0.00000000000000E+00
 -.41518074885055E+00   0.00000000000000E+00   0.00000000000000E+00   -.55871372012925E+00   0.00000000000000E+00   0.00000000000000E+00   0.00000000000000E+00   -.66453959940894E-03   0.00000000000000E+00
 0.00000000000000E+00   0.00000000000000E+00   0.00000000000000E+00   0.00000000000000E+00   -.19645574617930E+01   0.00000000000000E+00
 -.14468745237471E+00   0.00000000000000E+00   0.00000000000000E+00   -.12376330468978E+00   0.00000000000000E+00   0.00000000000000E+00   0.00000000000000E+00   0.89905081478033E-03   0.00000000000000E+00
 0.00000000000000E+00   0.00000000000000E+00   0.00000000000000E+00   0.00000000000000E+00   -.10022395072662E+01   0.00000000000000E+00
 0.16196492953455E+00   0.00000000000000E+00   0.00000000000000E+00   0.16660730748255E+00   0.00000000000000E+00   0.00000000000000E+00   0.00000000000000E+00   0.29194508999572E-03   0.00000000000000E+00
 0.00000000000000E+00   0.00000000000000E+00   0.00000000000000E+00   0.00000000000000E+00   -.93022562113326E-01   0.00000000000000E+00
 0.72208817723907E+00   0.00000000000000E+00   0.00000000000000E+00   0.10665790073937E+01   0.00000000000000E+00   0.00000000000000E+00   0.00000000000000E+00   0.28946201757400E-02   0.00000000000000E+00
 0.00000000000000E+00   0.00000000000000E+00   0.00000000000000E+00   0.00000000000000E+00   0.26721607571919E+01   0.00000000000000E+00
 0.82208517720127E+00   0.00000000000000E+00   0.00000000000000E+00   0.99187926681453E+00   0.00000000000000E+00   0.00000000000000E+00   0.00000000000000E+00   0.42488039499282E-03   0.00000000000000E+00
 0.00000000000000E+00   0.00000000000000E+00   0.00000000000000E+00   0.00000000000000E+00   -.22672285192814E+00   0.00000000000000E+00
# Electronic transition moments of , IRREP b2  electric dipole (length) / electric dipole (velocity) / magnetic dipole
 0.00000000000000E+00   -.24641380077091E+00   0.00000000000000E+00   0.00000000000000E+00   0.14123727310573E+00   0.00000000000000E+00   -.49361855740934E-02   0.00000000000000E+00   0.00000000000000E+00
 0.00000000000000E+00   0.00000000000000E+00   0.00000000000000E+00   0.00000000000000E+00   0.00000000000000E+00   0.17201922505599E+01
 0.00000000000000E+00   0.46060911642881E+00   0.00000000000000E+00   0.00000000000000E+00   0.51031905549229E+00   0.00000000000000E+00   -.55939557775100E-03   0.00000000000000E+00   0.00000000000000E+00
 0.00000000000000E+00   0.00000000000000E+00   0.00000000000000E+00   0.00000000000000E+00   0.00000000000000E+00   -.18817387134917E+00
 0.00000000000000E+00   -.54599150135229E+00   0.00000000000000E+00   0.00000000000000E+00   -.73466761211133E+00   0.00000000000000E+00   0.38246543596824E-02   0.00000000000000E+00   0.00000000000000E+00
 0.00000000000000E+00   0.00000000000000E+00   0.00000000000000E+00   0.00000000000000E+00   0.00000000000000E+00   -.29541279165885E+01
 0.00000000000000E+00   -.15632946809455E+00   0.00000000000000E+00   0.00000000000000E+00   0.13804381916160E-01   0.00000000000000E+00   -.24192888580202E-02   0.00000000000000E+00   0.00000000000000E+00
 0.00000000000000E+00   0.00000000000000E+00   0.00000000000000E+00   0.00000000000000E+00   0.00000000000000E+00   0.54282038317411E+00
 0.00000000000000E+00   0.32626217555951E+00   0.00000000000000E+00   0.00000000000000E+00   0.43310292677721E+00   0.00000000000000E+00   -.17484507151288E-02   0.00000000000000E+00   0.00000000000000E+00
 0.00000000000000E+00   0.00000000000000E+00   0.00000000000000E+00   0.00000000000000E+00   0.00000000000000E+00   0.13491594357469E+01
 0.00000000000000E+00   -.51313395180494E+00   0.00000000000000E+00   0.00000000000000E+00   -.69737164096754E+00   0.00000000000000E+00   0.22795246267153E-02   0.00000000000000E+00   0.00000000000000E+00
 0.00000000000000E+00   0.00000000000000E+00   0.00000000000000E+00   0.00000000000000E+00   0.00000000000000E+00   -.83860081233824E+00
 0.00000000000000E+00   -.59900577731601E-01   0.00000000000000E+00   0.00000000000000E+00   0.55822329550398E-01   0.00000000000000E+00   -.16365415566681E-02   0.00000000000000E+00   0.00000000000000E+00
 0.00000000000000E+00   0.00000000000000E+00   0.00000000000000E+00   0.00000000000000E+00   0.00000000000000E+00   0.74997010332012E+00
 0.00000000000000E+00   -.32757649315044E+00   0.00000000000000E+00   0.00000000000000E+00   -.35146455791006E+00   0.00000000000000E+00   0.57987545335404E-03   0.00000000000000E+00   0.00000000000000E+00
 0.00000000000000E+00   0.00000000000000E+00   0.00000000000000E+00   0.00000000000000E+00   0.00000000000000E+00   -.87214106294970E+00
 0.00000000000000E+00   0.50850798704536E+00   0.00000000000000E+00   0.00000000000000E+00   0.58946994147436E+00   0.00000000000000E+00   -.15717445199091E-02   0.00000000000000E+00   0.00000000000000E+00
 0.00000000000000E+00   0.00000000000000E+00   0.00000000000000E+00   0.00000000000000E+00   0.00000000000000E+00   0.13185766413534E+01
 0.00000000000000E+00   -.46997507488742E-01   0.00000000000000E+00   0.00000000000000E+00   -.28214037553333E+00   0.00000000000000E+00   -.68382362669615E-03   0.00000000000000E+00   0.00000000000000E+00
 0.00000000000000E+00   0.00000000000000E+00   0.00000000000000E+00   0.00000000000000E+00   0.00000000000000E+00   -.19329205742981E+00
