$coord  natoms=    16
   -3.96988776686555      1.08891220286588      0.79781606860820      s
   -0.74152792978837      1.15246314662496      0.10778197871346      c
    0.02013601861587      3.59049857553248     -0.36396283357004      c
   -1.96658914318536      5.38569502724254     -0.19485320042073      c
   -4.23600720005219      4.31664303777340      0.40189965943899      c
    0.74152792978837     -1.15246314662496      0.10778197871346      c
   -0.02013601861587     -3.59049857553248     -0.36396283357004      c
    1.96658914318536     -5.38569502724254     -0.19485320042073      c
    4.23600720005219     -4.31664303777340      0.40189965943899      c
    3.96988776686555     -1.08891220286588      0.79781606860820      s
    6.04440756526020     -5.22731657296759      0.63328792829828      h
   -6.04440756526020      5.22731657296759      0.63328792829828      h
   -1.71756380483097      7.38826070796000     -0.52112392518476      h
    1.94373786620689      4.07268381629640     -0.86084567588342      h
   -1.94373786620689     -4.07268381629640     -0.86084567588342      h
    1.71756380483097     -7.38826070796000     -0.52112392518476      h
$redundant
     number_of_atoms            16
     degrees_of_freedom         22
     internal_coordinates       22
     frozen_coordinates          0
# definitions of redundant internals
   1 k -0.8090169943749 tors    4    5    1    2 val=   0.39997
        0.3090169943749 tors    5    1    2    3
        0.3090169943749 tors    1    2    3    4
       -0.8090169943749 tors    2    3    4    5
        1.0000000000000 tors    3    4    5    1
   2 k  0.5877852522925 tors    4    5    1    2 val=  -0.49475
       -0.9510565162952 tors    5    1    2    3
        0.9510565162952 tors    1    2    3    4
       -0.5877852522925 tors    2    3    4    5
   3 k  1.0000000000000 stre    5    1           val=   3.26279
   4 k  1.0000000000000 stre    3   14           val=   2.04442
   5 k  1.0000000000000 stre    4    5           val=   2.57861
   6 k  1.0000000000000 stre    2    6           val=   2.74083
   7 k  1.0000000000000 stre    3    4           val=   2.68298
   8 k  1.0000000000000 stre    5   12           val=   2.03793
   9 k  1.0000000000000 stre    2    3           val=   2.59744
  10 k  1.0000000000000 stre    4   13           val=   2.04420
  11 k  1.0000000000000 stre    1    2           val=   3.30189
  12 k  1.0000000000000 outp   14    4    2    3 val=  -1.20296
  13 k  1.0000000000000 outp   13    3    5    4 val=   0.46065
  14 k -0.7070307072369 bend    6    3    2      val=  -4.10942
        0.7071828469526 bend    6    1    2
  15 k  1.0000000000000 outp   12    1    4    5 val=   0.02075
  16 k  0.7071074759160 bend    5   13    4      val=  -0.16898
       -0.7071060864564 bend    3   13    4
  17 k  0.7071094927177 bend    2   14    3      val=  -0.43819
       -0.7071040696450 bend    4   14    3
  18 k  0.7071067949271 bend    4   12    5      val=   4.20875
       -0.7071067674459 bend    1   12    5
  19 k  0.5877852522925 bend    2    4    3      val=   3.68021
       -0.9510565162952 bend    3    5    4
        0.9510565162952 bend    4    1    5
       -0.5877852522925 bend    5    2    1
  20 k -0.8090169943749 bend    2    4    3      val=   4.03920
        0.3090169943749 bend    3    5    4
        0.3090169943749 bend    4    1    5
       -0.8090169943749 bend    5    2    1
        1.0000000000000 bend    1    3    2
  21 k  1.0000000000000 tors    3    2    6    7 val= 117.62393
        1.0000000000000 tors    3    2    6   10
        1.0000000000000 tors    1    2    6    7
        1.0000000000000 tors    1    2    6   10
  22 k  1.0000000000000 outp    3    6    1    2 val=  -0.43049
        22 non zero eigenvalues  of BmBt
           1           6.589402142    1    0
         1
           2           4.154118373    2    0
         2
           3           4.054006701    3    0
         3
           4           3.713428310    4    0
         4
           5           3.477323449    5    0
         5
           6           3.420154832    6    0
         6
           7           2.773345674    7    0
         7
           8           2.209270278    8    0
         8
           9           1.825467600    9    0
         9
          10           1.748825830   10    0
        10
          11           0.946707448   11    0
        11
          12           0.935802913   12    0
        12
          13           0.810438731   13    0
        13
          14           0.714993003   14    0
        14
          15           0.389939728   15    0
        15
          16           0.365287634   16    0
        16
          17           0.328586831   17    0
        17
          18           0.217644938   18    0
        18
          19           0.149407415   19    0
        19
          20           0.093390122   20    0
        20
          21           0.076285581   21    0
        21
          22           0.019325543   22    0
        22
$user-defined bonds
$end
