# Excitation spectrum ; written at 2023-10-18 09:24:17
#     Exc.     energy (Eh)   energy (eV)   energy (cm-1)   energy (nm)     Osc.(vel)      Osc.(len) 
       1 a        0.188505       5.12949       41372.117       241.709     0.00085230     0.00263150
       2 a        0.193363       5.26168       42438.322       235.636     0.00548825     0.00100109
       3 a        0.203954       5.54987       44762.733       223.400     0.00000043     0.00283153
       4 a        0.222805       6.06282       48899.948       204.499     0.00004849     0.00290906
       5 a        0.230654       6.27641       50622.680       197.540     0.00211703     0.00172637
       6 a        0.240128       6.53421       52701.939       189.746     0.00328454     0.00046862
       7 a        0.248940       6.77401       54636.062       183.029     0.00026558     0.00094951
       8 a        0.254711       6.93104       55902.578       178.883     0.00213126     0.00190383
       9 a        0.259419       7.05915       56935.883       175.636     0.00270615     0.00025328
      10 a        0.264554       7.19889       58062.960       172.227     0.00020539     0.00324113
       1 b        0.160577       4.36952       35242.589       283.748     0.02402538     0.52888255
       2 b        0.194856       5.30230       42765.945       233.831     0.01616478     0.06466364
       3 b        0.202615       5.51343       44468.835       224.877     0.00255262     0.02672488
       4 b        0.228771       6.22517       50209.395       199.166     0.00033905     0.00793177
       5 b        0.237224       6.45521       52064.759       192.068     0.00038698     0.01528121
       6 b        0.251484       6.84324       55194.415       181.178     0.00014713     0.00754407
       7 b        0.256077       6.96821       56202.440       177.928     0.00278651     0.07746103
       8 b        0.260906       7.09962       57262.283       174.635     0.02419049     0.19708547
       9 b        0.264899       7.20827       58138.582       172.003     0.00206886     0.05513525
      10 b        0.268317       7.30127       58888.744       169.812     0.00112602     0.00560091
