# Electronic transition moments of , IRREP a   electric dipole (length) / electric dipole (velocity) / magnetic dipole
 0.00000000000000E+00   0.00000000000000E+00   0.82353328300080E-01   0.00000000000000E+00   0.00000000000000E+00   -.14470555523438E+00   0.00000000000000E+00   0.00000000000000E+00   0.10008922749736E-02
 -.94567619844974E+00   0.21518872507785E+01   -.14479595931080E+00   -.60046670371111E+00   0.00000000000000E+00   0.00000000000000E+00
 0.00000000000000E+00   0.00000000000000E+00   0.20633624029248E+00   0.00000000000000E+00   0.00000000000000E+00   -.88124095790423E-01   0.00000000000000E+00   0.00000000000000E+00   -.54585537228868E-03
 -.17623757674984E+01   0.12811313393043E+01   -.53824907501355E-01   -.29595853495354E-01   0.00000000000000E+00   0.00000000000000E+00
 0.00000000000000E+00   0.00000000000000E+00   0.17857160516741E-02   0.00000000000000E+00   0.00000000000000E+00   0.14430786247653E+00   0.00000000000000E+00   0.00000000000000E+00   0.21235313456149E-02
 0.28683273534770E+01   -.24854785590928E+01   0.19698411515671E+00   -.88250216295654E+00   0.00000000000000E+00   0.00000000000000E+00
 0.00000000000000E+00   0.00000000000000E+00   -.18068124782012E-01   0.00000000000000E+00   0.00000000000000E+00   0.13994586062700E+00   0.00000000000000E+00   0.00000000000000E+00   0.43821795083727E-02
 0.41581198719149E+01   0.80304094393461E+00   0.33031437378825E+00   -.37306028281517E+01   0.00000000000000E+00   0.00000000000000E+00
 0.00000000000000E+00   0.00000000000000E+00   -.11733528390379E+00   0.00000000000000E+00   0.00000000000000E+00   -.10595769212863E+00   0.00000000000000E+00   0.00000000000000E+00   -.11125221923717E-02
 -.84363851281936E+00   0.12886057993454E+01   -.30390560224764E+00   -.63872259448901E-01   0.00000000000000E+00   0.00000000000000E+00
 0.00000000000000E+00   0.00000000000000E+00   -.14323914904490E+00   0.00000000000000E+00   0.00000000000000E+00   -.54104544149677E-01   0.00000000000000E+00   0.00000000000000E+00   0.13779557568654E-02
 0.64471128955108E+00   0.15379957358466E+01   -.24728714717358E+00   -.18153179168617E+01   0.00000000000000E+00   0.00000000000000E+00
 0.00000000000000E+00   0.00000000000000E+00   0.40003375168253E-01   0.00000000000000E+00   0.00000000000000E+00   -.75639534567052E-01   0.00000000000000E+00   0.00000000000000E+00   -.10109109557442E-02
 -.26746719589056E+01   0.40691479501211E+01   -.91144662890787E-01   -.64280898194430E+00   0.00000000000000E+00   0.00000000000000E+00
 0.00000000000000E+00   0.00000000000000E+00   -.11203149688925E+00   0.00000000000000E+00   0.00000000000000E+00   0.10588527400423E+00   0.00000000000000E+00   0.00000000000000E+00   0.43059190577239E-03
 -.12690710180289E+01   0.42162302524352E+00   0.74122068420159E+00   -.17507752336351E+00   0.00000000000000E+00   0.00000000000000E+00
 0.00000000000000E+00   0.00000000000000E+00   -.12508956634479E+00   0.00000000000000E+00   0.00000000000000E+00   0.38269158298086E-01   0.00000000000000E+00   0.00000000000000E+00   -.18976415768207E-02
 -.14235096884792E+01   -.12698128265978E+01   0.24469219807505E+00   0.19069072152491E+01   0.00000000000000E+00   0.00000000000000E+00
 0.00000000000000E+00   0.00000000000000E+00   -.34125474883112E-01   0.00000000000000E+00   0.00000000000000E+00   0.13556154319166E+00   0.00000000000000E+00   0.00000000000000E+00   0.65544568146513E-03
 0.16016973605148E+01   -.17655903655681E+01   0.55813063447053E-02   0.39692106265639E-01   0.00000000000000E+00   0.00000000000000E+00
# Electronic transition moments of , IRREP b   electric dipole (length) / electric dipole (velocity) / magnetic dipole
 0.21729042538639E+00   -.42096717976200E+00   0.00000000000000E+00   0.14520468227145E+01   -.16828594183020E+01   0.00000000000000E+00   -.72991385881467E-03   0.10914948379867E-03   0.00000000000000E+00
 0.00000000000000E+00   0.00000000000000E+00   0.00000000000000E+00   0.00000000000000E+00   0.82143275928912E+00   -.27633145465163E+00
 0.27264698667339E+00   0.22383019758043E+00   0.00000000000000E+00   -.30365657286244E+00   -.63684610943966E+00   0.00000000000000E+00   0.96506575214366E-04   0.38134602702468E-03   0.00000000000000E+00
 0.00000000000000E+00   0.00000000000000E+00   0.00000000000000E+00   0.00000000000000E+00   -.30581319332279E+00   0.52596072063147E-01
 0.32721130625994E-01   0.13351743876144E+00   0.00000000000000E+00   -.43598571893961E+00   -.88126331699380E-01   0.00000000000000E+00   -.10770164981464E-02   -.12529095218685E-02   0.00000000000000E+00
 0.00000000000000E+00   0.00000000000000E+00   0.00000000000000E+00   0.00000000000000E+00   -.63358183033869E-01   0.14449775388577E+00
 0.45251098207283E-01   0.13243978211468E-01   0.00000000000000E+00   0.31872661643229E-01   -.22581186880579E+00   0.00000000000000E+00   -.13321897575784E-02   -.11734228226203E-02   0.00000000000000E+00
 0.00000000000000E+00   0.00000000000000E+00   0.00000000000000E+00   0.00000000000000E+00   -.78430428930881E+00   0.22492908543108E+00
 -.27567941609843E-01   -.41072143241676E-01   0.00000000000000E+00   0.17952674297309E+00   -.25376192849763E+00   0.00000000000000E+00   0.57634011094733E-03   0.46004684218405E-03   0.00000000000000E+00
 0.00000000000000E+00   0.00000000000000E+00   0.00000000000000E+00   0.00000000000000E+00   0.20295443404736E+00   -.45098074443173E+00
 -.82666633753680E-02   0.28446489174843E-01   0.00000000000000E+00   0.45898377321708E-01   0.20710047668943E+00   0.00000000000000E+00   -.51003912829092E-03   -.69711282596751E-03   0.00000000000000E+00
 0.00000000000000E+00   0.00000000000000E+00   0.00000000000000E+00   0.00000000000000E+00   0.56114405082877E+00   -.35559649211196E+00
 0.12713017165755E+00   0.12657439265316E-01   0.00000000000000E+00   -.29225287915944E+00   -.60689762832022E+00   0.00000000000000E+00   -.60627179024909E-03   -.57675532866251E-04   0.00000000000000E+00
 0.00000000000000E+00   0.00000000000000E+00   0.00000000000000E+00   0.00000000000000E+00   -.36159683805204E+00   -.72728674786743E-01
 0.25661733089499E+00   -.27059813363912E+00   0.00000000000000E+00   0.28310303123323E+00   -.10261262942741E+01   0.00000000000000E+00   0.39663261970304E-03   -.90204265215883E-03   0.00000000000000E+00
 0.00000000000000E+00   0.00000000000000E+00   0.00000000000000E+00   0.00000000000000E+00   0.10036366504576E+00   0.44430407748782E+00
 -.96505271914520E-01   0.49007208411689E-01   0.00000000000000E+00   0.37582726108987E+00   0.41347227023084E+00   0.00000000000000E+00   -.43990325037591E-03   -.57212966257666E-03   0.00000000000000E+00
 0.00000000000000E+00   0.00000000000000E+00   0.00000000000000E+00   0.00000000000000E+00   0.34747580219112E+00   -.61092470671710E+00
 0.28339733881057E-01   -.74106586698023E-01   0.00000000000000E+00   0.88476779462570E-01   -.15324232165351E+00   0.00000000000000E+00   -.40402870003483E-02   0.28010277509684E-02   0.00000000000000E+00
 0.00000000000000E+00   0.00000000000000E+00   0.00000000000000E+00   0.00000000000000E+00   -.12536065709747E+01   -.47121914978706E+00
