#----------------------------------------------------------------------
# Basis Set Exchange
# Version v0.9.1
# https://www.basissetexchange.org
#----------------------------------------------------------------------
#   Basis set: def2-TZVPP
# Description: def2-TZVPP
#        Role: orbital
#     Version: 1  (Data from Turbomole 7.3)
#----------------------------------------------------------------------


# Sulfur def2-TZVPP (14s,9p,3d,1f) -> [5s,5p,3d,1f]
S def2-TZVPP
    14
1 0 0 7 1
  60700.9281040              0.54695944225E-03
   9102.6106854              0.42297224557E-02
   2071.4166009              0.21747824159E-01
    586.02476821             0.85100053589E-01
    190.55395021             0.24799128459
     67.630384260            0.46703640406
     25.127306905            0.36434587550
1 0 0 3 1
    112.57463010             0.21670040240E-01
     34.795554217            0.93602301760E-01
      6.5115556215          -0.26068001422
1 0 0 2 1
      3.2399032261           1.2842089435
      1.5477160881           0.66036416584
1 0 0 1 1
      0.40541030112          1.0000000
1 0 0 1 1
      0.14550651059          1.0000000
1 1 1 5 1
    564.36716027             0.24796796317E-02
    133.42624379             0.19677930250E-01
     42.468271189            0.89980008258E-01
     15.616527580            0.25705880575
      6.1093988469           0.43515167292
1 1 1 1 1
      2.4404160198            .34883240595
1 1 1 1 1
      0.83882201296          1.0000000
1 1 1 1 1
      0.31288746900          1.0000000
1 1 1 1 1
      0.10770109004          1.0000000
1 2 2 1 1
      3.75600000             1.0000000
1 2 2 1 1
      0.812000000            1.0000000
1 2 2 1 1
      0.273000000            1.0000000
1 3 3 1 1
      0.557000000            1.0000000



