# Excitation spectrum ; written at 2023-10-27 14:05:44
#     Exc.     energy (Eh)   energy (eV)   energy (cm-1)   energy (nm)     Osc.(vel)      Osc.(len) 
       1 a        0.165786       4.51127       36385.810       274.832     0.00003550     0.03306291
       2 a        0.192004       5.22471       42140.115       237.304     0.00063656     0.00000209
       3 a        0.219652       5.97703       48208.000       207.434     0.00235739     0.00693138
       4 a        0.230372       6.26875       50560.861       197.781     0.00177535     0.00834467
       5 a        0.232937       6.33855       51123.818       195.604     0.00021148     0.00002135
       6 a        0.250693       6.82170       55020.753       181.750     0.00186225     0.12388395
       7 a        0.267337       7.27461       58673.719       170.434     0.00239138     0.00297925
       8 a        0.275932       7.50848       60560.015       165.125     0.00030235     0.00959487
       9 a        0.289429       7.87576       63522.291       157.425     0.00234282     0.00512380
      10 a        0.293069       7.97480       64321.135       155.470     0.00616372     0.00006080
       1 b        0.093465       2.54330       20513.128       487.493     0.04345981     0.00346523
       2 b        0.170062       4.62763       37324.361       267.922     0.02166479     0.02013089
       3 b        0.172494       4.69380       37858.074       264.144     0.00847140     0.00274942
       4 b        0.236583       6.43774       51923.884       192.590     0.01286495     0.00138652
       5 b        0.242376       6.59539       53195.370       187.986     0.04279159     0.00228085
       6 b        0.252287       6.86507       55370.519       180.602     0.00420760     0.02702470
       7 b        0.257993       7.02036       56623.002       176.607     0.01541813     0.02431776
       8 b        0.262950       7.15523       57710.819       173.278     0.00638836     0.02340520
       9 b        0.286078       7.78459       62786.920       159.269     0.00445761     0.20249057
      10 b        0.294588       8.01614       64654.500       154.668     0.00368549     0.02139737
