# Electronic transition moments of , IRREP a   electric dipole (length) / electric dipole (velocity) / magnetic dipole
 0.00000000000000E+00   0.00000000000000E+00   0.17922301768139E-01   0.00000000000000E+00   0.00000000000000E+00   -.54694332236039E+00   0.00000000000000E+00   0.00000000000000E+00   0.73380842142918E-03
 0.81002191408509E+00   -.19126890684455E+00   0.12496879046979E+01   -.25295644724070E-01   0.00000000000000E+00   0.00000000000000E+00
 0.00000000000000E+00   0.00000000000000E+00   -.70519790319309E-01   0.00000000000000E+00   0.00000000000000E+00   0.40382147571390E-02   0.00000000000000E+00   0.00000000000000E+00   -.19137399638000E-02
 0.51980618091161E+00   -.68395590105529E+00   0.55680958014872E+00   0.70831751170010E-01   0.00000000000000E+00   0.00000000000000E+00
 0.00000000000000E+00   0.00000000000000E+00   -.12688027230640E+00   0.00000000000000E+00   0.00000000000000E+00   -.21756455257479E+00   0.00000000000000E+00   0.00000000000000E+00   0.47796995663149E-03
 -.50109972714369E+00   0.20490506848061E+00   0.11283785026024E+01   0.53824206380040E+00   0.00000000000000E+00   0.00000000000000E+00
 0.00000000000000E+00   0.00000000000000E+00   -.10751578893002E+00   0.00000000000000E+00   0.00000000000000E+00   -.23309621038251E+00   0.00000000000000E+00   0.00000000000000E+00   0.11501953810396E-02
 -.43563162485234E+00   0.39423158515267E-01   0.18524544088927E+00   0.40253274551676E+00   0.00000000000000E+00   0.00000000000000E+00
 0.00000000000000E+00   0.00000000000000E+00   0.36902664008408E-01   0.00000000000000E+00   0.00000000000000E+00   0.11725847618646E-01   0.00000000000000E+00   0.00000000000000E+00   -.11208441468795E-03
 -.12396514108977E+01   -.29038147738065E+00   0.10442037712847E+01   0.36422658624062E+00   0.00000000000000E+00   0.00000000000000E+00
 0.00000000000000E+00   0.00000000000000E+00   0.10555867860630E+00   0.00000000000000E+00   0.00000000000000E+00   -.86095815419684E+00   0.00000000000000E+00   0.00000000000000E+00   -.73548683935769E-03
 -.16054566719973E+00   0.63944521279172E+00   0.99959125795117E+00   -.10094092910292E+00   0.00000000000000E+00   0.00000000000000E+00
 0.00000000000000E+00   0.00000000000000E+00   0.11583503462012E+00   0.00000000000000E+00   0.00000000000000E+00   -.12929140121313E+00   0.00000000000000E+00   0.00000000000000E+00   0.49377491386482E-03
 -.23835321956642E+00   0.23549567974518E+00   -.47719718942586E+00   -.12259668662143E+00   0.00000000000000E+00   0.00000000000000E+00
 0.00000000000000E+00   0.00000000000000E+00   -.40541779022807E-01   0.00000000000000E+00   0.00000000000000E+00   -.22838332573023E+00   0.00000000000000E+00   0.00000000000000E+00   0.71901570598944E-03
 0.63630833645359E+00   0.32906220869043E+00   -.47666660983839E+00   0.61159121737155E+00   0.00000000000000E+00   0.00000000000000E+00
 0.00000000000000E+00   0.00000000000000E+00   0.11019052414275E+00   0.00000000000000E+00   0.00000000000000E+00   0.16295611613084E+00   0.00000000000000E+00   0.00000000000000E+00   0.14828220843005E-02
 0.64152643049764E+00   0.11265410916197E+01   -.20718828861632E+01   0.19156162758076E-01   0.00000000000000E+00   0.00000000000000E+00
 0.00000000000000E+00   0.00000000000000E+00   0.17761614643987E+00   0.00000000000000E+00   0.00000000000000E+00   -.17640566571546E-01   0.00000000000000E+00   0.00000000000000E+00   0.11156033024650E-02
 0.45026011899878E+00   -.92899621934576E+00   -.19294026601374E-01   -.11919152955926E+00   0.00000000000000E+00   0.00000000000000E+00
# Electronic transition moments of , IRREP b   electric dipole (length) / electric dipole (velocity) / magnetic dipole
 -.17159903862135E+00   -.81733309938174E+00   0.00000000000000E+00   0.23582402695837E+00   -.58859644505848E-04   0.00000000000000E+00   -.14598174093285E-02   0.39768839259898E-02   0.00000000000000E+00
 0.00000000000000E+00   0.00000000000000E+00   0.00000000000000E+00   0.00000000000000E+00   -.37773217036917E+00   -.16506262748157E-01
 -.32378812967231E+00   0.29368538531951E+00   0.00000000000000E+00   0.38078376317041E+00   0.18045547015783E+00   0.00000000000000E+00   0.78391409777927E-03   0.53058555001980E-02   0.00000000000000E+00
 0.00000000000000E+00   0.00000000000000E+00   0.00000000000000E+00   0.00000000000000E+00   -.12419745738816E+01   -.71042786857817E+00
 0.19553911288917E+00   -.18823202749445E+00   0.00000000000000E+00   -.11877795189365E+00   0.98998225806510E-01   0.00000000000000E+00   0.75963369719062E-03   -.44946214638117E-02   0.00000000000000E+00
 0.00000000000000E+00   0.00000000000000E+00   0.00000000000000E+00   0.00000000000000E+00   -.11273082270946E+01   -.80296662290665E+00
 0.34462633815348E-01   -.28351311110178E+00   0.00000000000000E+00   -.82785010241633E-01   0.44018142530594E-01   0.00000000000000E+00   -.18598762986491E-04   -.10023742590462E-02   0.00000000000000E+00
 0.00000000000000E+00   0.00000000000000E+00   0.00000000000000E+00   0.00000000000000E+00   -.60240854718810E-01   0.15706263679318E+00
 0.17143397800392E+00   -.48521758530876E+00   0.00000000000000E+00   -.21594468878383E-01   -.11682996075000E+00   0.00000000000000E+00   0.11596795055308E-02   -.67439416751837E-03   0.00000000000000E+00
 0.00000000000000E+00   0.00000000000000E+00   0.00000000000000E+00   0.00000000000000E+00   0.14099743407754E+01   0.57904243006826E+00
 -.15159370262590E+00   -.45123562415919E-01   0.00000000000000E+00   -.38483368592110E+00   -.11216767414776E+00   0.00000000000000E+00   0.17887739125329E-02   -.18572714044747E-03   0.00000000000000E+00
 0.00000000000000E+00   0.00000000000000E+00   0.00000000000000E+00   0.00000000000000E+00   0.94507959684656E+00   -.16649963132093E+00
 0.20983230851558E+00   -.21357202719875E+00   0.00000000000000E+00   0.37446639677222E+00   -.34071823624816E-01   0.00000000000000E+00   0.13622981200519E-03   0.23507834330772E-02   0.00000000000000E+00
 0.00000000000000E+00   0.00000000000000E+00   0.00000000000000E+00   0.00000000000000E+00   -.93367789337309E+00   0.14938580937218E+00
 0.19084047204957E+00   0.47302475971062E-02   0.00000000000000E+00   0.34882026814171E+00   -.10881006015925E+00   0.00000000000000E+00   0.63303512688498E-03   -.20548289891669E-03   0.00000000000000E+00
 0.00000000000000E+00   0.00000000000000E+00   0.00000000000000E+00   0.00000000000000E+00   0.24930484027189E+00   -.70444888485923E+00
 0.14681008975938E+00   -.42655051167730E-01   0.00000000000000E+00   0.10192287285480E+01   0.15131355130098E+00   0.00000000000000E+00   0.35241257194168E-03   -.13049189019368E-02   0.00000000000000E+00
 0.00000000000000E+00   0.00000000000000E+00   0.00000000000000E+00   0.00000000000000E+00   -.17931902992193E+01   -.77527721647313E+00
 -.76007838810143E-01   0.11396862435962E+00   0.00000000000000E+00   -.29795669763640E+00   0.14203635638752E+00   0.00000000000000E+00   -.16699162210296E-02   0.14977127048122E-02   0.00000000000000E+00
 0.00000000000000E+00   0.00000000000000E+00   0.00000000000000E+00   0.00000000000000E+00   -.68895380895276E+00   0.42404497424731E+00
