# Excitation spectrum ; written at 2023-10-26 10:02:07
#     Exc.     energy (Eh)   energy (eV)   energy (cm-1)   energy (nm)     Osc.(vel)      Osc.(len) 
       1 a1       0.214261       5.83034       47024.846       212.654     0.62127469     0.35380495
       2 a1       0.294817       8.02239       64704.937       154.548     0.17380424     0.14547185
       3 a1       0.356460       9.69976       78233.870       127.822     0.13477484     0.10617558
       4 a1       0.438381      11.92895       96213.484       103.936     0.01661159     0.01285073
       5 a1       0.449973      12.24440       98757.738       101.258     0.03656469     0.02967382
       6 a1       0.476341      12.96191      104544.855        95.653     0.53739099     0.46063945
       7 a1       0.489956      13.33238      107532.873        92.995     0.23691054     0.19117451
       8 a1       0.497952      13.54996      109287.817        91.502     0.02075553     0.01417017
       9 a1       0.517322      14.07705      113539.047        88.075     0.01435383     0.01381275
      10 a1       0.530114      14.42512      116346.466        85.950     0.02088997     0.01736834
       1 a2       0.120387       3.27590       26421.940       378.473     0.00000000     0.00000000
       2 a2       0.322967       8.78837       70882.991       141.078     0.00000000     0.00000000
       3 a2       0.345333       9.39699       75791.815       131.940     0.00000000     0.00000000
       4 a2       0.430036      11.70187       94381.978       105.952     0.00000000     0.00000000
       5 a2       0.434687      11.82842       95402.660       104.819     0.00000000     0.00000000
       6 a2       0.499946      13.60423      109725.509        91.137     0.00000000     0.00000000
       7 a2       0.544405      14.81402      119483.115        83.694     0.00000000     0.00000000
       8 a2       0.551604      15.00990      121063.018        82.602     0.00000000     0.00000000
       9 a2       0.593892      16.16062      130344.177        76.720     0.00000000     0.00000000
      10 a2       0.610618      16.61577      134015.244        74.618     0.00000000     0.00000000
       1 b1       0.248868       6.77204       54620.224       183.082     0.10649279     0.07446927
       2 b1       0.293073       7.97493       64322.140       155.467     0.09851514     0.07785311
       3 b1       0.339650       9.24234       74544.526       134.148     0.10413922     0.07700665
       4 b1       0.359361       9.77872       78870.718       126.790     0.03825623     0.02585909
       5 b1       0.451295      12.28037       99047.861       100.961     0.22565306     0.17444963
       6 b1       0.471624      12.83355      103509.536        96.609     0.29370145     0.24433570
       7 b1       0.487156      13.25619      106918.398        93.529     0.04597743     0.03975903
       8 b1       0.490807      13.35555      107719.769        92.833     0.11451061     0.09428218
       9 b1       0.515250      14.02065      113084.199        88.430     0.00615027     0.00981954
      10 b1       0.525058      14.28756      115236.950        86.778     0.03519502     0.03472246
       1 b2       0.293338       7.98212       64380.152       155.327     0.00643054     0.00278229
       2 b2       0.386995      10.53066       84935.540       117.736     0.01961658     0.02303230
       3 b2       0.400231      10.89083       87840.506       113.843     0.07881872     0.05879723
       4 b2       0.426188      11.59718       93537.543       106.909     0.20655488     0.17161194
       5 b2       0.469134      12.76579      102963.023        97.122     0.60532922     0.46030383
       6 b2       0.481599      13.10499      105698.872        94.608     0.04020048     0.02822207
       7 b2       0.492027      13.38875      107987.519        92.603     0.02567246     0.02877541
       8 b2       0.507083      13.79843      111291.851        89.854     0.07434541     0.06502377
       9 b2       0.544739      14.82310      119556.389        83.643     0.12403734     0.10864123
      10 b2       0.594941      16.18918      130574.534        76.585     0.05595533     0.05190093
