# Electronic transition moments of , IRREP a1  electric dipole (length) / electric dipole (velocity) / magnetic dipole
 0.00000000000000E+00   0.00000000000000E+00   0.20855275508723E+01   0.00000000000000E+00   0.00000000000000E+00   0.15738236031586E+01   0.00000000000000E+00   0.00000000000000E+00   0.00000000000000E+00
 -.24267659477279E+00   -.79536655557766E+00   0.33591235534803E+01   0.00000000000000E+00   0.00000000000000E+00   0.00000000000000E+00
 0.00000000000000E+00   0.00000000000000E+00   -.94037108423810E+00   0.00000000000000E+00   0.00000000000000E+00   -.86031712708632E+00   0.00000000000000E+00   0.00000000000000E+00   0.00000000000000E+00
 0.17557011961354E+01   0.28331396744167E+00   -.30144294855767E+00   0.00000000000000E+00   0.00000000000000E+00   0.00000000000000E+00
 0.00000000000000E+00   0.00000000000000E+00   0.75308639563942E+00   0.00000000000000E+00   0.00000000000000E+00   0.66842502220659E+00   0.00000000000000E+00   0.00000000000000E+00   0.00000000000000E+00
 -.26691742966386E+01   -.65332237208978E+00   -.16836441007934E+01   0.00000000000000E+00   0.00000000000000E+00   0.00000000000000E+00
 0.00000000000000E+00   0.00000000000000E+00   -.23841052638574E+00   0.00000000000000E+00   0.00000000000000E+00   -.20969289608226E+00   0.00000000000000E+00   0.00000000000000E+00   0.00000000000000E+00
 0.15282955642898E+01   0.97737502942809E+00   0.11410373610581E+01   0.00000000000000E+00   0.00000000000000E+00   0.00000000000000E+00
 0.00000000000000E+00   0.00000000000000E+00   -.34912677389967E+00   0.00000000000000E+00   0.00000000000000E+00   -.31451323899444E+00   0.00000000000000E+00   0.00000000000000E+00   0.00000000000000E+00
 -.55738249298134E+00   -.19272221393091E+01   -.12906138761784E+01   0.00000000000000E+00   0.00000000000000E+00   0.00000000000000E+00
 0.00000000000000E+00   0.00000000000000E+00   -.13008632693381E+01   0.00000000000000E+00   0.00000000000000E+00   -.12043896806957E+01   0.00000000000000E+00   0.00000000000000E+00   0.00000000000000E+00
 -.10355880298595E+00   -.31950566334309E+00   -.16331569434764E+01   0.00000000000000E+00   0.00000000000000E+00   0.00000000000000E+00
 0.00000000000000E+00   0.00000000000000E+00   -.85164648129269E+00   0.00000000000000E+00   0.00000000000000E+00   -.76503651531117E+00   0.00000000000000E+00   0.00000000000000E+00   0.00000000000000E+00
 -.68804860139732E+00   -.37180169378464E-01   0.13306625505582E-01   0.00000000000000E+00   0.00000000000000E+00   0.00000000000000E+00
 0.00000000000000E+00   0.00000000000000E+00   0.25004540711237E+00   0.00000000000000E+00   0.00000000000000E+00   0.20660430939504E+00   0.00000000000000E+00   0.00000000000000E+00   0.00000000000000E+00
 -.19330967172884E+01   -.46438909397546E-01   0.22111652070081E-01   0.00000000000000E+00   0.00000000000000E+00   0.00000000000000E+00
 0.00000000000000E+00   0.00000000000000E+00   -.20400888587307E+00   0.00000000000000E+00   0.00000000000000E+00   -.20012678482963E+00   0.00000000000000E+00   0.00000000000000E+00   0.00000000000000E+00
 -.20536677641017E+01   -.53386138684589E+00   -.16516724240763E+01   0.00000000000000E+00   0.00000000000000E+00   0.00000000000000E+00
 0.00000000000000E+00   0.00000000000000E+00   -.24312529065356E+00   0.00000000000000E+00   0.00000000000000E+00   -.22168705336275E+00   0.00000000000000E+00   0.00000000000000E+00   0.00000000000000E+00
 -.40087104337202E+00   0.28248023976147E+00   0.18333607540565E+01   0.00000000000000E+00   0.00000000000000E+00   0.00000000000000E+00
# Electronic transition moments of , IRREP a2  electric dipole (length) / electric dipole (velocity) / magnetic dipole
 0.00000000000000E+00   0.00000000000000E+00   0.00000000000000E+00   0.00000000000000E+00   0.00000000000000E+00   0.00000000000000E+00   0.00000000000000E+00   0.00000000000000E+00   0.44412776000294E-02
 0.00000000000000E+00   0.00000000000000E+00   0.00000000000000E+00   0.75186384808287E+00   0.00000000000000E+00   0.00000000000000E+00
 0.00000000000000E+00   0.00000000000000E+00   0.00000000000000E+00   0.00000000000000E+00   0.00000000000000E+00   0.00000000000000E+00   0.00000000000000E+00   0.00000000000000E+00   -.31706641220997E-03
 0.00000000000000E+00   0.00000000000000E+00   0.00000000000000E+00   -.83350169598632E-01   0.00000000000000E+00   0.00000000000000E+00
 0.00000000000000E+00   0.00000000000000E+00   0.00000000000000E+00   0.00000000000000E+00   0.00000000000000E+00   0.00000000000000E+00   0.00000000000000E+00   0.00000000000000E+00   -.25139523380637E-02
 0.00000000000000E+00   0.00000000000000E+00   0.00000000000000E+00   -.78396819093379E+00   0.00000000000000E+00   0.00000000000000E+00
 0.00000000000000E+00   0.00000000000000E+00   0.00000000000000E+00   0.00000000000000E+00   0.00000000000000E+00   0.00000000000000E+00   0.00000000000000E+00   0.00000000000000E+00   0.41456773765039E-03
 0.00000000000000E+00   0.00000000000000E+00   0.00000000000000E+00   0.13048268297709E+01   0.00000000000000E+00   0.00000000000000E+00
 0.00000000000000E+00   0.00000000000000E+00   0.00000000000000E+00   0.00000000000000E+00   0.00000000000000E+00   0.00000000000000E+00   0.00000000000000E+00   0.00000000000000E+00   0.14434143028104E-03
 0.00000000000000E+00   0.00000000000000E+00   0.00000000000000E+00   -.79954435233296E-01   0.00000000000000E+00   0.00000000000000E+00
 0.00000000000000E+00   0.00000000000000E+00   0.00000000000000E+00   0.00000000000000E+00   0.00000000000000E+00   0.00000000000000E+00   0.00000000000000E+00   0.00000000000000E+00   -.82628578881326E-04
 0.00000000000000E+00   0.00000000000000E+00   0.00000000000000E+00   0.27518831656360E+00   0.00000000000000E+00   0.00000000000000E+00
 0.00000000000000E+00   0.00000000000000E+00   0.00000000000000E+00   0.00000000000000E+00   0.00000000000000E+00   0.00000000000000E+00   0.00000000000000E+00   0.00000000000000E+00   -.12345115466382E-03
 0.00000000000000E+00   0.00000000000000E+00   0.00000000000000E+00   -.18124225104452E+00   0.00000000000000E+00   0.00000000000000E+00
 0.00000000000000E+00   0.00000000000000E+00   0.00000000000000E+00   0.00000000000000E+00   0.00000000000000E+00   0.00000000000000E+00   0.00000000000000E+00   0.00000000000000E+00   -.86065047234446E-04
 0.00000000000000E+00   0.00000000000000E+00   0.00000000000000E+00   -.68752050087241E+00   0.00000000000000E+00   0.00000000000000E+00
 0.00000000000000E+00   0.00000000000000E+00   0.00000000000000E+00   0.00000000000000E+00   0.00000000000000E+00   0.00000000000000E+00   0.00000000000000E+00   0.00000000000000E+00   -.59516347155212E-03
 0.00000000000000E+00   0.00000000000000E+00   0.00000000000000E+00   -.72715867823231E+00   0.00000000000000E+00   0.00000000000000E+00
 0.00000000000000E+00   0.00000000000000E+00   0.00000000000000E+00   0.00000000000000E+00   0.00000000000000E+00   0.00000000000000E+00   0.00000000000000E+00   0.00000000000000E+00   -.15143823407564E-04
 0.00000000000000E+00   0.00000000000000E+00   0.00000000000000E+00   -.35365057113400E+00   0.00000000000000E+00   0.00000000000000E+00
# Electronic transition moments of , IRREP b1  electric dipole (length) / electric dipole (velocity) / magnetic dipole
 -.80116348673698E+00   0.00000000000000E+00   0.00000000000000E+00   -.66996114272668E+00   0.00000000000000E+00   0.00000000000000E+00   0.00000000000000E+00   0.16050214702674E-02   0.00000000000000E+00
 0.00000000000000E+00   0.00000000000000E+00   0.00000000000000E+00   0.00000000000000E+00   0.20101262380236E+01   0.00000000000000E+00
 0.71008288507155E+00   0.00000000000000E+00   0.00000000000000E+00   0.63124149083474E+00   0.00000000000000E+00   0.00000000000000E+00   0.00000000000000E+00   0.28612409319802E-02   0.00000000000000E+00
 0.00000000000000E+00   0.00000000000000E+00   0.00000000000000E+00   0.00000000000000E+00   0.29603433455715E-01   0.00000000000000E+00
 -.67816765828439E+00   0.00000000000000E+00   0.00000000000000E+00   -.58316845611562E+00   0.00000000000000E+00   0.00000000000000E+00   0.00000000000000E+00   0.39899526759888E-02   0.00000000000000E+00
 0.00000000000000E+00   0.00000000000000E+00   0.00000000000000E+00   0.00000000000000E+00   0.52495144201408E+00   0.00000000000000E+00
 0.39960505844885E+00   0.00000000000000E+00   0.00000000000000E+00   0.32853870348536E+00   0.00000000000000E+00   0.00000000000000E+00   0.00000000000000E+00   0.14277442847548E-03   0.00000000000000E+00
 0.00000000000000E+00   0.00000000000000E+00   0.00000000000000E+00   0.00000000000000E+00   -.11637562706196E+01   0.00000000000000E+00
 -.86603581288432E+00   0.00000000000000E+00   0.00000000000000E+00   -.76146556951502E+00   0.00000000000000E+00   0.00000000000000E+00   0.00000000000000E+00   -.30564711266950E-03   0.00000000000000E+00
 0.00000000000000E+00   0.00000000000000E+00   0.00000000000000E+00   0.00000000000000E+00   0.97811315652168E+00   0.00000000000000E+00
 -.96649732292132E+00   0.00000000000000E+00   0.00000000000000E+00   -.88153807698057E+00   0.00000000000000E+00   0.00000000000000E+00   0.00000000000000E+00   -.74710358754323E-03   0.00000000000000E+00
 0.00000000000000E+00   0.00000000000000E+00   0.00000000000000E+00   0.00000000000000E+00   -.34220061009811E+00   0.00000000000000E+00
 -.37625640784738E+00   0.00000000000000E+00   0.00000000000000E+00   -.34988832429858E+00   0.00000000000000E+00   0.00000000000000E+00   0.00000000000000E+00   -.18386130507586E-02   0.00000000000000E+00
 0.00000000000000E+00   0.00000000000000E+00   0.00000000000000E+00   0.00000000000000E+00   -.66448930287694E+00   0.00000000000000E+00
 -.59157926573887E+00   0.00000000000000E+00   0.00000000000000E+00   -.53679060009517E+00   0.00000000000000E+00   0.00000000000000E+00   0.00000000000000E+00   0.11141872547155E-03   0.00000000000000E+00
 0.00000000000000E+00   0.00000000000000E+00   0.00000000000000E+00   0.00000000000000E+00   -.10492604847329E+01   0.00000000000000E+00
 -.13380852894119E+00   0.00000000000000E+00   0.00000000000000E+00   -.16907621171860E+00   0.00000000000000E+00   0.00000000000000E+00   0.00000000000000E+00   -.16319481718750E-02   0.00000000000000E+00
 0.00000000000000E+00   0.00000000000000E+00   0.00000000000000E+00   0.00000000000000E+00   0.19762846807305E+00   0.00000000000000E+00
 -.31708998513980E+00   0.00000000000000E+00   0.00000000000000E+00   -.31495400960457E+00   0.00000000000000E+00   0.00000000000000E+00   0.00000000000000E+00   0.63866902506838E-03   0.00000000000000E+00
 0.00000000000000E+00   0.00000000000000E+00   0.00000000000000E+00   0.00000000000000E+00   -.10824596448484E+01   0.00000000000000E+00
# Electronic transition moments of , IRREP b2  electric dipole (length) / electric dipole (velocity) / magnetic dipole
 0.00000000000000E+00   -.18133666599840E+00   0.00000000000000E+00   0.00000000000000E+00   -.11927874010677E+00   0.00000000000000E+00   0.59396299161855E-02   0.00000000000000E+00   0.00000000000000E+00
 0.00000000000000E+00   0.00000000000000E+00   0.00000000000000E+00   0.00000000000000E+00   0.00000000000000E+00   -.13944007816242E+01
 0.00000000000000E+00   -.27574311457579E+00   0.00000000000000E+00   0.00000000000000E+00   -.29878704214930E+00   0.00000000000000E+00   0.59119884723281E-03   0.00000000000000E+00   0.00000000000000E+00
 0.00000000000000E+00   0.00000000000000E+00   0.00000000000000E+00   0.00000000000000E+00   0.00000000000000E+00   -.27593737629857E+00
 0.00000000000000E+00   0.54350691946435E+00   0.00000000000000E+00   0.00000000000000E+00   0.46942781276324E+00   0.00000000000000E+00   0.27591678222743E-02   0.00000000000000E+00   0.00000000000000E+00
 0.00000000000000E+00   0.00000000000000E+00   0.00000000000000E+00   0.00000000000000E+00   0.00000000000000E+00   -.11900490547147E+01
 0.00000000000000E+00   -.85263380776501E+00   0.00000000000000E+00   0.00000000000000E+00   -.77717454808309E+00   0.00000000000000E+00   0.91325484839116E-03   0.00000000000000E+00   0.00000000000000E+00
 0.00000000000000E+00   0.00000000000000E+00   0.00000000000000E+00   0.00000000000000E+00   0.00000000000000E+00   -.11419644508632E+01
 0.00000000000000E+00   0.13912108924156E+01   0.00000000000000E+00   0.00000000000000E+00   0.12131638011429E+01   0.00000000000000E+00   -.52322853440623E-03   0.00000000000000E+00   0.00000000000000E+00
 0.00000000000000E+00   0.00000000000000E+00   0.00000000000000E+00   0.00000000000000E+00   0.00000000000000E+00   -.93646850162122E-01
 0.00000000000000E+00   -.35384919923432E+00   0.00000000000000E+00   0.00000000000000E+00   -.29648114444794E+00   0.00000000000000E+00   -.50184160684741E-03   0.00000000000000E+00   0.00000000000000E+00
 0.00000000000000E+00   0.00000000000000E+00   0.00000000000000E+00   0.00000000000000E+00   0.00000000000000E+00   0.38024021019219E-01
 0.00000000000000E+00   -.27975946046547E+00   0.00000000000000E+00   0.00000000000000E+00   -.29618413178464E+00   0.00000000000000E+00   0.13974081058067E-02   0.00000000000000E+00   0.00000000000000E+00
 0.00000000000000E+00   0.00000000000000E+00   0.00000000000000E+00   0.00000000000000E+00   0.00000000000000E+00   -.18628086641348E+00
 0.00000000000000E+00   0.46895718401272E+00   0.00000000000000E+00   0.00000000000000E+00   0.43857328739786E+00   0.00000000000000E+00   -.15398266705357E-02   0.00000000000000E+00   0.00000000000000E+00
 0.00000000000000E+00   0.00000000000000E+00   0.00000000000000E+00   0.00000000000000E+00   0.00000000000000E+00   0.66369204319633E+00
 0.00000000000000E+00   0.58442344081608E+00   0.00000000000000E+00   0.00000000000000E+00   0.54695138662339E+00   0.00000000000000E+00   -.19559085790538E-02   0.00000000000000E+00   0.00000000000000E+00
 0.00000000000000E+00   0.00000000000000E+00   0.00000000000000E+00   0.00000000000000E+00   0.00000000000000E+00   0.88275751773520E-01
 0.00000000000000E+00   -.37560319956739E+00   0.00000000000000E+00   0.00000000000000E+00   -.36173966265213E+00   0.00000000000000E+00   0.86658020917891E-03   0.00000000000000E+00   0.00000000000000E+00
 0.00000000000000E+00   0.00000000000000E+00   0.00000000000000E+00   0.00000000000000E+00   0.00000000000000E+00   -.61595644925729E+00
