# Excitation spectrum ; written at 2023-10-25 16:47:37
#     Exc.     energy (Eh)   energy (eV)   energy (cm-1)   energy (nm)     Osc.(vel)      Osc.(len) 
       1 a1       0.117384       3.19419       25762.867       388.156     0.78689326     0.37318799
       2 a1       0.239958       6.52958       52664.655       189.881     0.14967110     0.11819726
       3 a1       0.308050       8.38247       67609.180       147.909     0.24500943     0.19878411
       4 a1       0.338527       9.21178       74298.034       134.593     0.27508477     0.22000193
       5 a1       0.340516       9.26590       74734.545       133.807     0.50038496     0.40610465
       6 a1       0.364591       9.92103       80018.513       124.971     0.43348273     0.34220059
       7 a1       0.395517      10.76258       86806.055       115.199     0.22992182     0.19656538
       8 a1       0.430451      11.71317       94473.050       105.850     0.03485018     0.02101690
       9 a1       0.444497      12.09537       97555.706       102.506     0.00522634     0.00423263
      10 a1       0.454427      12.36558       99735.157       100.266     0.00963139     0.01537592
       1 a2       0.060367       1.64266       13248.984       754.775     0.00000000     0.00000000
       2 a2       0.253748       6.90484       55691.303       179.561     0.00000000     0.00000000
       3 a2       0.283832       7.72346       62293.924       160.529     0.00000000     0.00000000
       4 a2       0.332345       9.04356       72941.220       137.097     0.00000000     0.00000000
       5 a2       0.374959      10.20315       82293.957       121.516     0.00000000     0.00000000
       6 a2       0.400273      10.89198       87849.711       113.831     0.00000000     0.00000000
       7 a2       0.401681      10.93030       88158.833       113.432     0.00000000     0.00000000
       8 a2       0.443557      12.06980       97349.509       102.723     0.00000000     0.00000000
       9 a2       0.483672      13.16139      106153.777        94.203     0.00000000     0.00000000
      10 a2       0.491252      13.36764      107817.253        92.750     0.00000000     0.00000000
       1 b1       0.205360       5.58814       45071.415       221.870     0.02678658     0.01935515
       2 b1       0.230220       6.26460       50527.393       197.912     0.06169101     0.05383462
       3 b1       0.277254       7.54447       60850.268       164.338     0.30233713     0.23072868
       4 b1       0.292529       7.96013       64202.795       155.756     0.06303473     0.04870495
       5 b1       0.296414       8.06585       65055.456       153.715     0.00094429     0.00134464
       6 b1       0.377464      10.27132       82843.757       120.709     0.78056050     0.62635911
       7 b1       0.399089      10.85976       87589.862       114.168     0.56821262     0.49316678
       8 b1       0.403575      10.98185       88574.578       112.899     0.04671759     0.03715763
       9 b1       0.407744      11.09528       89489.473       111.745     0.03202913     0.02516561
      10 b1       0.426959      11.61814       93706.608       106.716     0.16595527     0.12849452
       1 b2       0.208215       5.66582       45697.939       218.828     0.11753885     0.06855088
       2 b2       0.291542       7.93325       63985.988       156.284     0.26007410     0.21471629
       3 b2       0.308250       8.38792       67653.107       147.813     0.20641119     0.14689420
       4 b2       0.324083       8.81874       71127.961       140.592     0.07083099     0.06932880
       5 b2       0.362051       9.85190       79460.913       125.848     0.51729962     0.40712626
       6 b2       0.381440      10.37951       83716.430       119.451     0.26434081     0.21493377
       7 b2       0.385221      10.48239       84546.163       118.279     0.01121830     0.01094900
       8 b2       0.410498      11.17022       90093.914       110.995     0.61371224     0.43835222
       9 b2       0.419598      11.41784       92091.100       108.588     0.08490944     0.07511888
      10 b2       0.429642      11.69115       94295.462       106.050     0.00338527     0.00387747
