# Electronic transition moments of , IRREP a1  electric dipole (length) / electric dipole (velocity) / magnetic dipole
 0.00000000000000E+00   0.00000000000000E+00   -.31710172919860E+01   0.00000000000000E+00   0.00000000000000E+00   -.21837580930557E+01   0.00000000000000E+00   0.00000000000000E+00   0.00000000000000E+00
 -.12932321135336E+00   -.53724941438147E+00   -.60857666221782E+01   0.00000000000000E+00   0.00000000000000E+00   0.00000000000000E+00
 0.00000000000000E+00   0.00000000000000E+00   0.96726871428387E+00   0.00000000000000E+00   0.00000000000000E+00   0.85957125386830E+00   0.00000000000000E+00   0.00000000000000E+00   0.00000000000000E+00
 0.20116075511945E+01   0.87735859137131E+00   0.28216002770198E+01   0.00000000000000E+00   0.00000000000000E+00   0.00000000000000E+00
 0.00000000000000E+00   0.00000000000000E+00   0.10922608275072E+01   0.00000000000000E+00   0.00000000000000E+00   0.98384297294837E+00   0.00000000000000E+00   0.00000000000000E+00   0.00000000000000E+00
 -.32478442845114E+01   -.10584269773137E+01   0.19560100837283E+00   0.00000000000000E+00   0.00000000000000E+00   0.00000000000000E+00
 0.00000000000000E+00   0.00000000000000E+00   -.11040338809306E+01   0.00000000000000E+00   0.00000000000000E+00   -.98733009406011E+00   0.00000000000000E+00   0.00000000000000E+00   0.00000000000000E+00
 -.12299597992181E+01   -.26617891862018E+01   -.62154430559992E+01   0.00000000000000E+00   0.00000000000000E+00   0.00000000000000E+00
 0.00000000000000E+00   0.00000000000000E+00   0.14846675674752E+01   0.00000000000000E+00   0.00000000000000E+00   0.13375070360591E+01   0.00000000000000E+00   0.00000000000000E+00   0.00000000000000E+00
 -.54924256538095E-01   -.16744069365113E+01   0.59564718081281E+01   0.00000000000000E+00   0.00000000000000E+00   0.00000000000000E+00
 0.00000000000000E+00   0.00000000000000E+00   -.13354525232913E+01   0.00000000000000E+00   0.00000000000000E+00   -.11865415029384E+01   0.00000000000000E+00   0.00000000000000E+00   0.00000000000000E+00
 0.10738814610908E+01   0.45512773718683E+00   -.41752286944111E+01   0.00000000000000E+00   0.00000000000000E+00   0.00000000000000E+00
 0.00000000000000E+00   0.00000000000000E+00   -.93379787020441E+00   0.00000000000000E+00   0.00000000000000E+00   -.86340846430005E+00   0.00000000000000E+00   0.00000000000000E+00   0.00000000000000E+00
 -.10589406126484E+01   -.77882469602758E+00   -.53305643595691E+01   0.00000000000000E+00   0.00000000000000E+00   0.00000000000000E+00
 0.00000000000000E+00   0.00000000000000E+00   -.34848680403839E+00   0.00000000000000E+00   0.00000000000000E+00   -.27062514715478E+00   0.00000000000000E+00   0.00000000000000E+00   0.00000000000000E+00
 -.79181896683957E+00   0.27530513389786E+00   -.54355180764188E+01   0.00000000000000E+00   0.00000000000000E+00   0.00000000000000E+00
 0.00000000000000E+00   0.00000000000000E+00   0.13280376139737E+00   0.00000000000000E+00   0.00000000000000E+00   0.11951336969651E+00   0.00000000000000E+00   0.00000000000000E+00   0.00000000000000E+00
 0.63846037205061E+00   0.12590782008548E+00   0.94046188730580E+00   0.00000000000000E+00   0.00000000000000E+00   0.00000000000000E+00
 0.00000000000000E+00   0.00000000000000E+00   0.17830277980188E+00   0.00000000000000E+00   0.00000000000000E+00   0.22528603578577E+00   0.00000000000000E+00   0.00000000000000E+00   0.00000000000000E+00
 -.14097794289532E+01   -.65471186256531E+00   -.31375456222852E-01   0.00000000000000E+00   0.00000000000000E+00   0.00000000000000E+00
# Electronic transition moments of , IRREP a2  electric dipole (length) / electric dipole (velocity) / magnetic dipole
 0.00000000000000E+00   0.00000000000000E+00   0.00000000000000E+00   0.00000000000000E+00   0.00000000000000E+00   0.00000000000000E+00   0.00000000000000E+00   0.00000000000000E+00   0.41308375648380E-02
 0.00000000000000E+00   0.00000000000000E+00   0.00000000000000E+00   0.11388590960589E+01   0.00000000000000E+00   0.00000000000000E+00
 0.00000000000000E+00   0.00000000000000E+00   0.00000000000000E+00   0.00000000000000E+00   0.00000000000000E+00   0.00000000000000E+00   0.00000000000000E+00   0.00000000000000E+00   0.42044384582491E-04
 0.00000000000000E+00   0.00000000000000E+00   0.00000000000000E+00   0.99239967126463E+00   0.00000000000000E+00   0.00000000000000E+00
 0.00000000000000E+00   0.00000000000000E+00   0.00000000000000E+00   0.00000000000000E+00   0.00000000000000E+00   0.00000000000000E+00   0.00000000000000E+00   0.00000000000000E+00   0.28952645032799E-02
 0.00000000000000E+00   0.00000000000000E+00   0.00000000000000E+00   0.45463221379362E+00   0.00000000000000E+00   0.00000000000000E+00
 0.00000000000000E+00   0.00000000000000E+00   0.00000000000000E+00   0.00000000000000E+00   0.00000000000000E+00   0.00000000000000E+00   0.00000000000000E+00   0.00000000000000E+00   0.30271635151320E-03
 0.00000000000000E+00   0.00000000000000E+00   0.00000000000000E+00   0.10477764487913E+01   0.00000000000000E+00   0.00000000000000E+00
 0.00000000000000E+00   0.00000000000000E+00   0.00000000000000E+00   0.00000000000000E+00   0.00000000000000E+00   0.00000000000000E+00   0.00000000000000E+00   0.00000000000000E+00   0.28956758065326E-03
 0.00000000000000E+00   0.00000000000000E+00   0.00000000000000E+00   0.60013337835210E+00   0.00000000000000E+00   0.00000000000000E+00
 0.00000000000000E+00   0.00000000000000E+00   0.00000000000000E+00   0.00000000000000E+00   0.00000000000000E+00   0.00000000000000E+00   0.00000000000000E+00   0.00000000000000E+00   -.39546081939976E-03
 0.00000000000000E+00   0.00000000000000E+00   0.00000000000000E+00   -.39192387017200E+00   0.00000000000000E+00   0.00000000000000E+00
 0.00000000000000E+00   0.00000000000000E+00   0.00000000000000E+00   0.00000000000000E+00   0.00000000000000E+00   0.00000000000000E+00   0.00000000000000E+00   0.00000000000000E+00   -.36476251583750E-03
 0.00000000000000E+00   0.00000000000000E+00   0.00000000000000E+00   0.12506354337465E+00   0.00000000000000E+00   0.00000000000000E+00
 0.00000000000000E+00   0.00000000000000E+00   0.00000000000000E+00   0.00000000000000E+00   0.00000000000000E+00   0.00000000000000E+00   0.00000000000000E+00   0.00000000000000E+00   0.56632227750624E-03
 0.00000000000000E+00   0.00000000000000E+00   0.00000000000000E+00   -.31305122914806E+00   0.00000000000000E+00   0.00000000000000E+00
 0.00000000000000E+00   0.00000000000000E+00   0.00000000000000E+00   0.00000000000000E+00   0.00000000000000E+00   0.00000000000000E+00   0.00000000000000E+00   0.00000000000000E+00   -.37772227273979E-03
 0.00000000000000E+00   0.00000000000000E+00   0.00000000000000E+00   -.12277293392279E+01   0.00000000000000E+00   0.00000000000000E+00
 0.00000000000000E+00   0.00000000000000E+00   0.00000000000000E+00   0.00000000000000E+00   0.00000000000000E+00   0.00000000000000E+00   0.00000000000000E+00   0.00000000000000E+00   0.17621810184852E-03
 0.00000000000000E+00   0.00000000000000E+00   0.00000000000000E+00   0.52877614380638E+00   0.00000000000000E+00   0.00000000000000E+00
# Electronic transition moments of , IRREP b1  electric dipole (length) / electric dipole (velocity) / magnetic dipole
 -.44232943586266E+00   0.00000000000000E+00   0.00000000000000E+00   -.37599798958489E+00   0.00000000000000E+00   0.00000000000000E+00   0.00000000000000E+00   -.40953702270198E-02   0.00000000000000E+00
 0.00000000000000E+00   0.00000000000000E+00   0.00000000000000E+00   0.00000000000000E+00   -.21540022135506E+01   0.00000000000000E+00
 -.63399421049111E+00   0.00000000000000E+00   0.00000000000000E+00   -.59225015601392E+00   0.00000000000000E+00   0.00000000000000E+00   0.00000000000000E+00   -.19433886918110E-02   0.00000000000000E+00
 0.00000000000000E+00   0.00000000000000E+00   0.00000000000000E+00   0.00000000000000E+00   -.26584201111518E+01   0.00000000000000E+00
 0.12789462382974E+01   0.00000000000000E+00   0.00000000000000E+00   0.11172679433160E+01   0.00000000000000E+00   0.00000000000000E+00   0.00000000000000E+00   0.39699382371919E-02   0.00000000000000E+00
 0.00000000000000E+00   0.00000000000000E+00   0.00000000000000E+00   0.00000000000000E+00   0.13265756452538E+01   0.00000000000000E+00
 0.56852658017806E+00   0.00000000000000E+00   0.00000000000000E+00   0.49974374882461E+00   0.00000000000000E+00   0.00000000000000E+00   0.00000000000000E+00   0.42034389150100E-02   0.00000000000000E+00
 0.00000000000000E+00   0.00000000000000E+00   0.00000000000000E+00   0.00000000000000E+00   0.28701153205153E+01   0.00000000000000E+00
 0.69127172051147E-01   0.00000000000000E+00   0.00000000000000E+00   0.82489535978980E-01   0.00000000000000E+00   0.00000000000000E+00   0.00000000000000E+00   0.22091687164725E-02   0.00000000000000E+00
 0.00000000000000E+00   0.00000000000000E+00   0.00000000000000E+00   0.00000000000000E+00   0.41705088896182E+00   0.00000000000000E+00
 0.17612101643811E+01   0.00000000000000E+00   0.00000000000000E+00   0.15776824576084E+01   0.00000000000000E+00   0.00000000000000E+00   0.00000000000000E+00   0.23087380140657E-02   0.00000000000000E+00
 0.00000000000000E+00   0.00000000000000E+00   0.00000000000000E+00   0.00000000000000E+00   0.25356061072923E+01   0.00000000000000E+00
 -.14613905976453E+01   0.00000000000000E+00   0.00000000000000E+00   -.13614690678403E+01   0.00000000000000E+00   0.00000000000000E+00   0.00000000000000E+00   -.25924260446857E-02   0.00000000000000E+00
 0.00000000000000E+00   0.00000000000000E+00   0.00000000000000E+00   0.00000000000000E+00   -.21538333327252E+01   0.00000000000000E+00
 -.41669995149010E+00   0.00000000000000E+00   0.00000000000000E+00   -.37162701037228E+00   0.00000000000000E+00   0.00000000000000E+00   0.00000000000000E+00   -.21132012548531E-02   0.00000000000000E+00
 0.00000000000000E+00   0.00000000000000E+00   0.00000000000000E+00   0.00000000000000E+00   0.60346402283304E+00   0.00000000000000E+00
 0.34326096470082E+00   0.00000000000000E+00   0.00000000000000E+00   0.30426750132066E+00   0.00000000000000E+00   0.00000000000000E+00   0.00000000000000E+00   0.21082736668064E-03   0.00000000000000E+00
 0.00000000000000E+00   0.00000000000000E+00   0.00000000000000E+00   0.00000000000000E+00   -.49794720734626E+00   0.00000000000000E+00
 -.76356886481125E+00   0.00000000000000E+00   0.00000000000000E+00   -.67188505490806E+00   0.00000000000000E+00   0.00000000000000E+00   0.00000000000000E+00   0.92298902182173E-03   0.00000000000000E+00
 0.00000000000000E+00   0.00000000000000E+00   0.00000000000000E+00   0.00000000000000E+00   0.19264448948707E+01   0.00000000000000E+00
# Electronic transition moments of , IRREP b2  electric dipole (length) / electric dipole (velocity) / magnetic dipole
 0.00000000000000E+00   0.92019568776635E+00   0.00000000000000E+00   0.00000000000000E+00   0.70274213169255E+00   0.00000000000000E+00   -.72597100137061E-02   0.00000000000000E+00   0.00000000000000E+00
 0.00000000000000E+00   0.00000000000000E+00   0.00000000000000E+00   0.00000000000000E+00   0.00000000000000E+00   0.33668370036003E+01
 0.00000000000000E+00   -.11567617196899E+01   0.00000000000000E+00   0.00000000000000E+00   -.10510608217639E+01   0.00000000000000E+00   0.36833180501981E-02   0.00000000000000E+00   0.00000000000000E+00
 0.00000000000000E+00   0.00000000000000E+00   0.00000000000000E+00   0.00000000000000E+00   0.00000000000000E+00   -.17855018591246E+01
 0.00000000000000E+00   0.10022141654745E+01   0.00000000000000E+00   0.00000000000000E+00   0.84546618913779E+00   0.00000000000000E+00   -.45003654967180E-02   0.00000000000000E+00   0.00000000000000E+00
 0.00000000000000E+00   0.00000000000000E+00   0.00000000000000E+00   0.00000000000000E+00   0.00000000000000E+00   0.33657697569728E+01
 0.00000000000000E+00   0.57257088910104E+00   0.00000000000000E+00   0.00000000000000E+00   0.56646680502249E+00   0.00000000000000E+00   -.39006089723012E-03   0.00000000000000E+00   0.00000000000000E+00
 0.00000000000000E+00   0.00000000000000E+00   0.00000000000000E+00   0.00000000000000E+00   0.00000000000000E+00   0.12844851534469E+01
 0.00000000000000E+00   -.14639697320185E+01   0.00000000000000E+00   0.00000000000000E+00   -.12987500393582E+01   0.00000000000000E+00   0.30428074992671E-02   0.00000000000000E+00   0.00000000000000E+00
 0.00000000000000E+00   0.00000000000000E+00   0.00000000000000E+00   0.00000000000000E+00   0.00000000000000E+00   -.23803529007502E+01
 0.00000000000000E+00   -.10195641368896E+01   0.00000000000000E+00   0.00000000000000E+00   -.91935824543790E+00   0.00000000000000E+00   0.14201387042273E-02   0.00000000000000E+00   0.00000000000000E+00
 0.00000000000000E+00   0.00000000000000E+00   0.00000000000000E+00   0.00000000000000E+00   0.00000000000000E+00   -.67221342562778E+00
 0.00000000000000E+00   0.20900385821856E+00   0.00000000000000E+00   0.00000000000000E+00   0.20648005147951E+00   0.00000000000000E+00   0.84403678259609E-03   0.00000000000000E+00   0.00000000000000E+00
 0.00000000000000E+00   0.00000000000000E+00   0.00000000000000E+00   0.00000000000000E+00   0.00000000000000E+00   -.65163354133767E+00
 0.00000000000000E+00   0.14975194023259E+01   0.00000000000000E+00   0.00000000000000E+00   0.12656151573315E+01   0.00000000000000E+00   -.47790265799466E-04   0.00000000000000E+00   0.00000000000000E+00
 0.00000000000000E+00   0.00000000000000E+00   0.00000000000000E+00   0.00000000000000E+00   0.00000000000000E+00   0.15139301079943E+01
 0.00000000000000E+00   0.55094336315864E+00   0.00000000000000E+00   0.00000000000000E+00   0.51820729561967E+00   0.00000000000000E+00   -.66956703551594E-03   0.00000000000000E+00   0.00000000000000E+00
 0.00000000000000E+00   0.00000000000000E+00   0.00000000000000E+00   0.00000000000000E+00   0.00000000000000E+00   0.10761547064103E+01
 0.00000000000000E+00   0.10871492720180E+00   0.00000000000000E+00   0.00000000000000E+00   0.11635006653040E+00   0.00000000000000E+00   -.89449147309820E-03   0.00000000000000E+00   0.00000000000000E+00
 0.00000000000000E+00   0.00000000000000E+00   0.00000000000000E+00   0.00000000000000E+00   0.00000000000000E+00   0.50063318805172E+00
